0 0.525916 0.58774 0.592398 0.46274 0.150269
0 0.538161 0.611929 0.61238 0.478065 0.207886
0 0.53095 0.600962 0.596755 0.46875 0.282471
0 0.534856 0.613582 0.605769 0.49399 0.325928
0 0.536959 0.598558 0.61238 0.461538 0.57373
0 0.53726 0.603966 0.616587 0.486779 0.731934
0 0.540565 0.615986 0.613582 0.47476 0.198364
0 0.536659 0.617788 0.604567 0.478365 0.163696
0 0.536959 0.553486 0.613582 0.33774 0.635254
0 0.53418 0.614183 0.597506 0.466346 0.836914
0 0.535457 0.602764 0.602163 0.503606 0.888184
0 0.541767 0.630859 0.608774 0.560397 0.95752
0 0.614784 0.422776 0.770433 0.845553 0.768555
0 0.545974 0.627404 0.597957 0.490385 0.792969
0 0.501502 0.432091 0.996995 0.864183 0.44165
0 0.528846 0.67473 0.942308 0.650541 0.632324
0 0.5628 0.609976 0.561899 0.491587 0.917969
0 0.536358 0.597957 0.609976 0.49399 0.928711
0 0.538762 0.604417 0.61238 0.488281 0.94043
0 0.530048 0.607572 0.598558 0.522837 0.943848
0 0.53726 0.619591 0.605769 0.509615 0.881348
0 0.54034 0.621244 0.611629 0.502704 0.885742
0 0.537861 0.617788 0.616587 0.480769 0.831543
0 0.541391 0.620793 0.602314 0.513221 0.868164
0 0.537861 0.615535 0.615385 0.516526 0.902832
0 0.55341 0.626202 0.574669 0.513221 0.95459
0 0.543795 0.623798 0.607121 0.512019 0.877441
0 0.537785 0.606821 0.604718 0.464243 0.857422
0 0.531926 0.594351 0.606821 0.447115 0.896973
0 0.61238 0.591947 0.768029 0.432692 0.875977
0 0.586388 0.595553 0.6878 0.448317 0.831543
0 0.544546 0.615385 0.5936 0.475962 0.758301
0 0.536959 0.611178 0.600361 0.486779 0.868652
0 0.535156 0.619141 0.60637 0.473257 0.900391
0 0.53726 0.619591 0.605769 0.481971 0.92041
0 0.538161 0.612831 0.602764 0.473858 0.92041
0 0.533654 0.622446 0.59976 0.488281 0.946289
0 0.535382 0.623948 0.607121 0.4997 0.939453
0 0.536659 0.596755 0.61899 0.448317 0.944824
0 0.536358 0.609375 0.617188 0.487981 0.951172
0 0.538161 0.594802 0.613582 0.471454 0.913086
0 0.534255 0.594351 0.606971 0.472356 0.915527
0 0.534856 0.588341 0.610577 0.461538 0.879883
0 0.537861 0.588341 0.602163 0.448317 0.899902
0 0.537785 0.598407 0.602314 0.478666 0.925293
0 0.536734 0.59976 0.599609 0.463942 0.932617
0 0.541466 0.608173 0.616587 0.49399 0.926758
0 0.542368 0.604718 0.597957 0.494892 0.924316
0 0.540865 0.603365 0.591346 0.495192 0.929199
0 0.539663 0.597356 0.600962 0.483173 0.933105
0 0.538762 0.596755 0.605168 0.489183 0.928711
0 0.53726 0.602314 0.608173 0.492488 0.93457
0 0.534781 0.59991 0.597506 0.480469 0.953125
0 0.533954 0.597957 0.593149 0.480769 0.958984
0 0.538161 0.599609 0.603966 0.490685 0.95752
0 0.53756 0.600811 0.602764 0.497897 0.942383
0 0.53756 0.600962 0.605168 0.502404 0.939453
0 0.539138 0.605168 0.606821 0.508413 0.927734
0 0.53433 0.601562 0.600811 0.501202 0.925293
0 0.536358 0.609976 0.605168 0.52524 0.94043
0 0.537861 0.614784 0.602163 0.516827 0.941895
0 0.535457 0.613582 0.608173 0.50601 0.941406
0 0.53418 0.610727 0.614333 0.4997 0.938965
0 0.536659 0.609375 0.608173 0.5 0.949707
0 0.540865 0.614032 0.600962 0.495493 0.953613
0 0.542668 0.613582 0.604567 0.49399 0.930664
0 0.537936 0.611178 0.609225 0.501202 0.908203
0 0.536358 0.609375 0.61238 0.5 0.910156
0 0.536358 0.609375 0.611178 0.495192 0.896973
0 0.53756 0.606971 0.602764 0.490385 0.888184
0 0.535983 0.601112 0.604718 0.492488 0.876465
0 0.535757 0.603966 0.60637 0.496394 0.903809
0 0.535382 0.607121 0.601112 0.492488 0.931152
0 0.535532 0.608323 0.600811 0.490084 0.939941
0 0.535757 0.610577 0.601562 0.486779 0.941895
0 0.535457 0.61238 0.604567 0.484375 0.947754
0 0.534781 0.610577 0.607121 0.485577 0.949219
0 0.534555 0.606971 0.609976 0.491587 0.94873
0 0.534931 0.604567 0.606821 0.492788 0.941895
0 0.534781 0.602764 0.603516 0.490385 0.935547
0 0.535983 0.600361 0.605919 0.491587 0.935547
0 0.53756 0.603966 0.60637 0.491587 0.932129
0 0.535457 0.601112 0.600962 0.490084 0.937988
0 0.536058 0.604567 0.59976 0.490385 0.943848
0 0.539062 0.606971 0.602163 0.490385 0.936523
0 0.539964 0.607121 0.607572 0.48768 0.941895
0 0.541842 0.605168 0.597807 0.496394 0.922363
