0 0.452524 0.502704 0.745192 0.530649 0.154053
0 0.429988 0.480469 0.751803 0.563101 0.105408
0 0.434796 0.599159 0.736178 0.772837 0.431152
0 0.441707 0.477464 0.731971 0.566707 0.544922
0 0.438101 0.460337 0.734375 0.620192 0.330322
0 0.442308 0.473483 0.731971 0.589093 0.586914
0 0.451322 0.480093 0.777644 0.56265 0.73877
0 0.463341 0.575421 0.805289 0.816707 0.751465
0 0.421274 0.555889 0.808894 0.799279 0.754395
0 0.429087 0.471079 0.834135 0.580679 0.805664
0 0.501202 0.780048 0.997596 0.43149 0.695801
0 0.446514 0.624699 0.859375 0.750601 0.827637
0 0.450721 0.4375 0.894231 0.875 0.514648
0 0.527043 0.570613 0.945913 0.858774 0.757812
0 0.52524 0.485577 0.949519 0.692308 0.767578
0 0.431791 0.484901 0.807091 0.614333 0.942871
0 0.459135 0.445012 0.776442 0.523438 0.954102
0 0.455228 0.468149 0.773438 0.604567 0.939453
0 0.454627 0.489859 0.783053 0.594802 0.957031
0 0.459135 0.51863 0.78125 0.645433 0.970703
0 0.435697 0.495192 0.723558 0.609375 0.96875
0 0.484375 0.512019 0.819712 0.66226 0.983887
0 0.483474 0.504207 0.834736 0.615385 0.899902
0 0.434495 0.504808 0.733173 0.59375 0.95752
0 0.44381 0.488882 0.753005 0.561899 0.902832
0 0.463341 0.490685 0.808894 0.554688 0.880859
0 0.462139 0.58113 0.790865 0.758413 0.910645
0 0.44982 0.595553 0.828726 0.768029 0.919434
0 0.435397 0.582482 0.76863 0.755709 0.856934
0 0.436298 0.488281 0.75 0.552284 0.804199
0 0.433293 0.492188 0.74399 0.555288 0.912109
0 0.442007 0.49046 0.740986 0.543119 0.911621
0 0.445913 0.483098 0.765625 0.547025 0.913086
0 0.433894 0.48768 0.75 0.554688 0.896484
0 0.448918 0.492263 0.80649 0.549129 0.900391
0 0.439002 0.492112 0.769832 0.559044 0.917969
0 0.445913 0.489709 0.74399 0.544621 0.962891
0 0.440505 0.481295 0.729567 0.525391 0.961914
0 0.439303 0.47476 0.731971 0.509615 0.941406
0 0.438401 0.481971 0.73738 0.552885 0.942871
0 0.45012 0.482873 0.762019 0.577524 0.903809
0 0.469351 0.493389 0.813702 0.586538 0.908203
0 0.472656 0.496394 0.819111 0.586538 0.901367
0 0.450721 0.489483 0.777644 0.557091 0.95166
0 0.436899 0.445989 0.751202 0.467398 0.930176
0 0.436298 0.48445 0.75 0.543119 0.888672
0 0.469952 0.494892 0.81851 0.555889 0.890137
0 0.466647 0.45921 0.802284 0.489032 0.879883
0 0.449519 0.477088 0.760817 0.545823 0.886719
0 0.466647 0.479868 0.795072 0.553486 0.891602
0 0.46905 0.475886 0.79988 0.53741 0.931152
0 0.469651 0.476562 0.801082 0.554087 0.943848
0 0.468149 0.492112 0.802885 0.578275 0.933594
0 0.462139 0.471229 0.77524 0.532302 0.930664
0 0.452524 0.459135 0.758413 0.527644 0.938965
0 0.444411 0.44659 0.745793 0.49985 0.939941
0 0.435697 0.44381 0.731971 0.489784 0.945801
0 0.431791 0.445913 0.73738 0.495192 0.95166
0 0.430889 0.446815 0.742789 0.493389 0.951172
0 0.433293 0.448618 0.747596 0.489784 0.952148
0 0.434195 0.448017 0.751803 0.486178 0.921875
0 0.434495 0.443434 0.748798 0.486929 0.925293
0 0.440204 0.440204 0.748197 0.471755 0.937988
0 0.447716 0.454327 0.763221 0.504808 0.948242
0 0.466346 0.467248 0.807692 0.539062 0.941895
0 0.454327 0.466947 0.772837 0.534856 0.934082
0 0.454928 0.468149 0.777644 0.53125 0.918457
0 0.449519 0.457933 0.766827 0.509615 0.888184
0 0.445312 0.444186 0.765625 0.486629 0.872559
0 0.455529 0.462816 0.78125 0.520282 0.917969
0 0.456731 0.463942 0.778846 0.519231 0.938477
0 0.457632 0.464543 0.774639 0.522837 0.95459
0 0.453726 0.462665 0.769231 0.520583 0.946289
0 0.444111 0.447716 0.752404 0.491587 0.929199
0 0.4372 0.44659 0.740986 0.489032 0.925293
0 0.4372 0.445613 0.743389 0.488582 0.913574
0 0.438101 0.446514 0.74399 0.489183 0.923828
0 0.439303 0.447716 0.746394 0.491587 0.935059
0 0.444111 0.449219 0.758413 0.500601 0.935547
0 0.448918 0.455529 0.771635 0.516827 0.943848
0 0.439303 0.443209 0.75 0.488582 0.943359
0 0.4375 0.444411 0.747596 0.486178 0.946777
0 0.442909 0.445989 0.757212 0.487831 0.958008
0 0.444712 0.446214 0.760817 0.48738 0.966309
0 0.442758 0.482197 0.761118 0.572867 0.922363
