0 0.421875 0.591346 0.701923 0.716346 0.136597
0 0.425781 0.5622 0.684495 0.647236 0.174072
0 0.581731 0.615385 0.548077 0.473558 0.136597
0 0.554087 0.599609 0.471154 0.565204 0.223755
0 0.541767 0.549279 0.458534 0.638221 0.589844
0 0.546875 0.558594 0.456731 0.656851 0.614258
0 0.434495 0.542368 0.717548 0.629207 0.449463
0 0.424279 0.544997 0.686298 0.602314 0.147583
0 0.544471 0.540865 0.885817 0.639423 0.323486
0 0.411058 0.553486 0.774038 0.645433 0.625977
0 0.412861 0.615385 0.816106 0.766827 0.52832
0 0.474459 0.570913 0.947716 0.680289 0.20752
0 0.415264 0.544471 0.816106 0.742788 0.805664
0 0.521635 0.611779 0.956731 0.771635 0.823242
0 0.510216 0.579327 0.979567 0.841346 0.607422
0 0.453726 0.621394 0.705529 0.757212 0.81543
0 0.431791 0.54357 0.70012 0.624399 0.9375
0 0.44381 0.552885 0.708534 0.617788 0.911621
0 0.4375 0.578726 0.728365 0.569712 0.788086
0 0.409255 0.572716 0.789663 0.590144 0.786133
0 0.475962 0.559796 0.894231 0.652043 0.799316
0 0.423077 0.569712 0.706731 0.626202 0.913086
0 0.417368 0.579327 0.742188 0.649039 0.894531
0 0.420673 0.565505 0.746394 0.643029 0.832031
0 0.587139 0.572115 0.40024 0.644231 0.883301
0 0.593149 0.571514 0.399038 0.658654 0.679199
0 0.40625 0.616587 0.759615 0.723558 0.565918
0 0.394231 0.612981 0.788462 0.739183 0.479492
0 0.505409 0.604718 0.979567 0.720853 0.785156
0 0.516226 0.610727 0.967548 0.735276 0.821777
0 0.522236 0.643029 0.520433 0.477163 0.764648
0 0.531851 0.554087 0.489183 0.640625 0.850586
0 0.424279 0.563101 0.694712 0.632212 0.925293
0 0.426082 0.571214 0.69351 0.66887 0.942871
0 0.434195 0.552584 0.703726 0.628005 0.872559
0 0.486779 0.55649 0.796875 0.641827 0.908203
0 0.485577 0.553786 0.783654 0.630409 0.905762
0 0.429087 0.55018 0.691106 0.621995 0.95752
0 0.426983 0.553185 0.689303 0.631611 0.962891
0 0.432692 0.553561 0.698317 0.610427 0.942383
0 0.435697 0.557167 0.703125 0.615234 0.919434
0 0.460938 0.550781 0.75 0.632812 0.952148
0 0.485276 0.558293 0.803486 0.623798 0.950195
0 0.476863 0.555589 0.786659 0.631611 0.922363
0 0.445312 0.557692 0.719952 0.625 0.932617
0 0.438401 0.552885 0.703726 0.627404 0.939453
0 0.439904 0.553486 0.694712 0.63101 0.935547
0 0.435096 0.553786 0.694712 0.632812 0.900391
0 0.434495 0.555589 0.695913 0.636418 0.889648
0 0.429688 0.557091 0.695913 0.643029 0.924805
0 0.430589 0.55649 0.707332 0.641827 0.915527
0 0.433894 0.557392 0.701923 0.635216 0.911133
0 0.4375 0.55619 0.709135 0.640024 0.946777
0 0.439603 0.560397 0.714543 0.640024 0.947754
0 0.4375 0.554988 0.698317 0.629207 0.943359
0 0.438702 0.555288 0.697115 0.629808 0.934082
0 0.436899 0.557392 0.700721 0.629207 0.921387
0 0.434495 0.557392 0.701923 0.63762 0.916016
0 0.435697 0.554688 0.703125 0.645433 0.924316
0 0.436899 0.55649 0.699519 0.646635 0.946777
0 0.436298 0.558894 0.699519 0.639423 0.939941
0 0.436298 0.557392 0.706731 0.63762 0.928223
0 0.435697 0.55619 0.705529 0.630409 0.92041
0 0.437801 0.557993 0.698918 0.619591 0.922363
0 0.441106 0.557392 0.706731 0.618389 0.91748
0 0.439303 0.554688 0.71274 0.633413 0.916016
0 0.436599 0.554688 0.708534 0.638221 0.905762
0 0.439603 0.558293 0.712139 0.633413 0.898926
0 0.4375 0.557993 0.709135 0.631611 0.90918
0 0.4372 0.55649 0.709736 0.633413 0.913574
0 0.440805 0.558894 0.720553 0.634615 0.922852
0 0.454327 0.557993 0.741587 0.631611 0.941406
0 0.467548 0.555589 0.763221 0.630409 0.944824
0 0.468149 0.553185 0.765625 0.629207 0.930664
0 0.461538 0.553185 0.752404 0.628005 0.927734
0 0.448918 0.553786 0.729567 0.629207 0.936523
0 0.443209 0.553185 0.718149 0.631611 0.932129
0 0.44351 0.554087 0.713942 0.629808 0.932617
0 0.443209 0.554688 0.713341 0.626202 0.932129
0 0.445312 0.554387 0.717548 0.626803 0.927246
0 0.444712 0.555288 0.717548 0.629808 0.93457
0 0.440204 0.55619 0.708534 0.625601 0.943359
0 0.439303 0.559495 0.707933 0.626202 0.945801
0 0.441106 0.558894 0.711538 0.629808 0.94873
0 0.442909 0.557091 0.715144 0.633414 0.939941
0 0.437951 0.55634 0.674579 0.65655 0.841309
