0 0.403245 0.499399 0.80649 0.998798 0.291504
0 0.392127 0.505108 0.784255 0.988582 0.31543
0 0.396635 0.498197 0.793269 0.989183 0.252441
0 0.414964 0.540865 0.829928 0.854567 0.212036
0 0.408954 0.53095 0.817909 0.938101 0.214355
0 0.393029 0.521334 0.783654 0.945312 0.480469
0 0.365084 0.525841 0.728966 0.94351 0.630859
0 0.684495 0.548077 0.629808 0.899039 0.228882
0 0.379207 0.527043 0.746394 0.942308 0.308105
0 0.387019 0.51893 0.774038 0.957332 0.854492
0 0.395132 0.51232 0.790264 0.975361 0.842773
0 0.390024 0.520132 0.780048 0.959736 0.827148
0 0.413762 0.624699 0.823918 0.750601 0.820312
0 0.416767 0.515625 0.833534 0.967548 0.820801
0 0.384014 0.503906 0.768029 0.992188 0.886719
0 0.507512 0.513221 0.984976 0.971154 0.848633
0 0.502103 0.5 0.995793 1 0.676758
0 0.411959 0.522236 0.817909 0.955529 0.898438
0 0.398438 0.525841 0.788462 0.94351 0.88916
0 0.487981 0.530048 0.959135 0.938702 0.734863
0 0.408654 0.515024 0.817308 0.957933 0.583984
0 0.386719 0.540865 0.773438 0.918269 0.882324
0 0.362981 0.628005 0.725962 0.74399 0.937988
0 0.454928 0.521935 0.909856 0.95613 0.445557
0 0.388522 0.520132 0.775841 0.959736 0.975098
0 0.39393 0.512019 0.786659 0.975962 0.97998
0 0.397236 0.516827 0.789663 0.963942 0.959961
0 0.457933 0.518329 0.889423 0.946514 0.957031
0 0.38762 0.517127 0.77524 0.959736 0.956543
0 0.387019 0.526743 0.765625 0.944111 0.970703
0 0.391827 0.513221 0.77524 0.96875 0.936523
0 0.382212 0.515024 0.764423 0.955529 0.936523
0 0.386418 0.521635 0.772837 0.956731 0.970703
0 0.392127 0.526442 0.760216 0.947115 0.967285
0 0.409255 0.506611 0.80649 0.981971 0.946289
0 0.401142 0.511418 0.797476 0.97476 0.912598
0 0.399639 0.526442 0.789664 0.936298 0.955078
0 0.386719 0.528245 0.766226 0.938702 0.977051
0 0.388221 0.515024 0.771635 0.967548 0.975098
0 0.395132 0.523738 0.786659 0.95012 0.980469
0 0.400541 0.525841 0.795072 0.945913 0.973633
0 0.403245 0.521034 0.798077 0.951923 0.944336
0 0.38762 0.522536 0.770433 0.95012 0.946777
0 0.385817 0.511418 0.769231 0.96274 0.949219
0 0.386418 0.513221 0.772837 0.935096 0.958984
0 0.39363 0.527043 0.786058 0.941106 0.967285
0 0.39363 0.522236 0.780048 0.938702 0.961426
0 0.395733 0.513822 0.783053 0.957933 0.962891
0 0.395132 0.515024 0.781851 0.953125 0.967285
0 0.391526 0.516526 0.777043 0.954928 0.952637
0 0.397236 0.511719 0.790865 0.960938 0.952148
0 0.395433 0.515625 0.789663 0.956731 0.956055
0 0.394832 0.516226 0.784856 0.957933 0.960938
0 0.395132 0.52524 0.790264 0.949519 0.958008
0 0.390024 0.523438 0.77524 0.949519 0.964844
0 0.39363 0.519832 0.780048 0.957933 0.966309
0 0.395433 0.521334 0.783654 0.957332 0.945801
0 0.393329 0.519832 0.779447 0.955529 0.944824
0 0.403546 0.516827 0.791466 0.966346 0.942871
0 0.402043 0.520132 0.794471 0.959736 0.956055
0 0.402945 0.519832 0.797476 0.960337 0.96875
0 0.402043 0.522536 0.798077 0.954928 0.972656
0 0.399339 0.52524 0.790264 0.949519 0.972656
0 0.401442 0.520433 0.793269 0.959135 0.955078
0 0.403245 0.524339 0.799279 0.951322 0.957031
0 0.402644 0.521034 0.800481 0.957933 0.954102
0 0.402344 0.518329 0.802284 0.960938 0.935059
0 0.399339 0.524639 0.795072 0.950721 0.910645
0 0.397837 0.522236 0.789663 0.954327 0.941406
0 0.40024 0.524339 0.793269 0.951322 0.930664
0 0.402043 0.527644 0.799279 0.944712 0.943359
0 0.401142 0.526442 0.789063 0.944712 0.951172
0 0.401743 0.52524 0.789062 0.944712 0.949707
0 0.402344 0.522837 0.792668 0.951923 0.956055
0 0.398438 0.524639 0.78726 0.950721 0.956543
0 0.395132 0.522236 0.784255 0.955529 0.94873
0 0.396034 0.519231 0.789663 0.961538 0.943359
0 0.391827 0.520433 0.78125 0.959135 0.953613
0 0.388522 0.519231 0.773438 0.959135 0.959473
0 0.397837 0.519231 0.790865 0.959135 0.944824
0 0.399639 0.519231 0.794471 0.960337 0.955078
0 0.397837 0.522837 0.788462 0.954327 0.954102
0 0.397236 0.525541 0.788462 0.948918 0.955078
0 0.398438 0.524639 0.788462 0.950721 0.958496
0 0.393029 0.520132 0.778846 0.959736 0.975586
0 0.400841 0.521334 0.801683 0.957332 0.959961
