0 0.441106 0.598858 0.865385 0.802284 0.154541
0 0.401442 0.611178 0.802885 0.777644 0.169678
0 0.439904 0.615986 0.878606 0.768029 0.159424
0 0.38762 0.594952 0.760817 0.810096 0.321777
0 0.38762 0.514423 0.757212 0.971154 0.527344
0 0.385817 0.600962 0.763221 0.798077 0.249023
0 0.387019 0.605769 0.771635 0.788462 0.762695
0 0.401142 0.614333 0.798678 0.771334 0.683594
0 0.390024 0.612981 0.778846 0.774038 0.59082
0 0.408353 0.614784 0.813101 0.770433 0.697754
0 0.419471 0.61238 0.838942 0.77524 0.755859
0 0.388221 0.605168 0.776442 0.789663 0.875488
0 0.392127 0.54387 0.784255 0.907452 0.86084
0 0.493389 0.596154 0.977163 0.807692 0.648926
0 0.385216 0.623197 0.760817 0.753606 0.871582
0 0.429988 0.591346 0.859976 0.800481 0.313232
0 0.355769 0.838942 0.706731 0.314904 0.908203
0 0.357572 0.837139 0.711538 0.325721 0.893066
0 0.496995 0.61899 0.981971 0.762019 0.822754
0 0.38732 0.617188 0.774639 0.758413 0.903809
0 0.39393 0.621394 0.775841 0.757212 0.929199
0 0.39363 0.63101 0.782452 0.737981 0.898926
0 0.391827 0.616737 0.783654 0.766526 0.884277
0 0.394231 0.620793 0.78125 0.758413 0.936523
0 0.388221 0.61899 0.769231 0.762019 0.959961
0 0.405048 0.616587 0.800481 0.75601 0.923828
0 0.391226 0.61884 0.78125 0.747897 0.92334
0 0.398438 0.615385 0.777644 0.754808 0.950684
0 0.390625 0.616436 0.770433 0.757512 0.971191
0 0.387019 0.616737 0.768029 0.766526 0.97168
0 0.390625 0.613582 0.772837 0.765625 0.962891
0 0.396034 0.617188 0.784856 0.764423 0.962402
0 0.403546 0.609976 0.766226 0.774039 0.956543
0 0.388221 0.621394 0.770433 0.754808 0.949219
0 0.388221 0.615385 0.772837 0.768029 0.958984
0 0.388221 0.615385 0.774038 0.764423 0.959961
0 0.396635 0.61899 0.790865 0.762019 0.966309
0 0.396034 0.619591 0.782452 0.758414 0.964844
0 0.391827 0.616587 0.778846 0.758413 0.958496
0 0.392428 0.615986 0.777644 0.759615 0.952637
0 0.395132 0.61899 0.786659 0.757212 0.953125
0 0.397236 0.612079 0.789663 0.775841 0.945801
0 0.398438 0.617788 0.792067 0.754808 0.944824
0 0.39363 0.615385 0.784856 0.766827 0.967773
0 0.396635 0.619141 0.790865 0.761719 0.955566
0 0.390024 0.615986 0.780048 0.768029 0.958496
0 0.395132 0.613131 0.789062 0.771334 0.980469
0 0.401442 0.617788 0.802885 0.762019 0.964355
0 0.402043 0.616587 0.790865 0.758413 0.911621
0 0.402644 0.61238 0.805288 0.768029 0.897461
0 0.458834 0.614183 0.672476 0.764423 0.931152
0 0.484375 0.618389 0.611779 0.760817 0.933594
0 0.397236 0.615986 0.794471 0.768029 0.956543
0 0.397837 0.615986 0.795673 0.768029 0.967285
0 0.398438 0.621845 0.796875 0.75631 0.97998
0 0.407151 0.619742 0.809495 0.760517 0.958008
0 0.40655 0.616436 0.811899 0.764724 0.946777
0 0.404447 0.614333 0.802885 0.771334 0.925293
0 0.407151 0.616587 0.810697 0.762019 0.92041
0 0.401442 0.616587 0.800481 0.760817 0.937988
0 0.39994 0.615385 0.796274 0.760817 0.928711
0 0.405649 0.616436 0.811298 0.759916 0.927734
0 0.402644 0.616436 0.796875 0.759916 0.927734
0 0.401442 0.614183 0.790865 0.763221 0.95459
0 0.401142 0.614183 0.789063 0.769231 0.964355
0 0.396635 0.615535 0.782452 0.76893 0.960938
0 0.395433 0.616587 0.782452 0.766827 0.961426
0 0.397837 0.616286 0.790865 0.767428 0.960449
0 0.397236 0.618389 0.789663 0.763221 0.966797
0 0.395433 0.61899 0.786058 0.758414 0.964355
0 0.400841 0.617638 0.796875 0.759916 0.960449
0 0.402644 0.615986 0.800481 0.765625 0.95752
0 0.397837 0.613582 0.795673 0.768029 0.95459
0 0.398438 0.615986 0.796875 0.768029 0.958008
0 0.39994 0.615986 0.797476 0.768029 0.959961
0 0.403245 0.616286 0.799279 0.767428 0.963379
0 0.393179 0.621544 0.761719 0.756911 0.925293
