0 0.596755 0.60637 0.442308 0.472356 0.182129
0 0.585186 0.603516 0.413762 0.454026 0.262207
0 0.579928 0.606971 0.426683 0.465144 0.223389
0 0.57482 0.60637 0.42488 0.477163 0.361084
0 0.552284 0.601112 0.353365 0.463642 0.450439
0 0.589093 0.595553 0.651142 0.490385 0.414795
0 0.461238 0.475661 0.792668 0.759014 0.523438
0 0.536058 0.534255 0.513221 0.61899 0.600098
0 0.402344 0.578726 0.796274 0.765625 0.887695
0 0.489483 0.557993 0.978966 0.811899 0.496094
0 0.407452 0.57512 0.8125 0.84976 0.818848
0 0.50601 0.445312 0.987981 0.890625 0.751953
0 0.511719 0.489784 0.976562 0.979567 0.463867
0 0.51262 0.53726 0.97476 0.867788 0.703125
0 0.411659 0.464543 0.8125 0.895433 0.762207
0 0.4997 0.639273 0.969351 0.524339 0.771973
0 0.496394 0.644231 0.971154 0.481971 0.770508
0 0.445913 0.645282 0.877404 0.432993 0.682617
0 0.394832 0.626052 0.789663 0.509916 0.166138
0 0.405048 0.623197 0.793269 0.480769 0.380371
0 0.408053 0.617638 0.783654 0.423377 0.81543
0 0.404147 0.621544 0.783053 0.408353 0.776855
0 0.620793 0.616587 0.379808 0.436298 0.813965
0 0.40655 0.656851 0.810697 0.545673 0.821777
0 0.411959 0.676683 0.808293 0.588942 0.839844
0 0.409856 0.646785 0.802885 0.408353 0.57959
0 0.569111 0.61238 0.481971 0.46274 0.839355
0 0.582332 0.61238 0.47476 0.465144 0.88623
0 0.560998 0.686899 0.516226 0.626202 0.927734
0 0.574219 0.621394 0.446514 0.495192 0.854492
0 0.413161 0.690204 0.781851 0.619591 0.896973
0 0.407452 0.661058 0.795673 0.567308 0.936523
0 0.579928 0.602013 0.435096 0.44982 0.691895
0 0.401442 0.804087 0.790865 0.307692 0.865723
0 0.408654 0.770433 0.804087 0.239183 0.849609
0 0.402043 0.669471 0.790865 0.574519 0.84082
0 0.579928 0.596154 0.453125 0.467548 0.760742
0 0.577524 0.616436 0.460337 0.476262 0.831055
0 0.595553 0.628005 0.426683 0.512019 0.818848
0 0.618389 0.621394 0.387019 0.483173 0.832031
0 0.603365 0.611779 0.40625 0.469952 0.91748
0 0.581581 0.608023 0.440204 0.466647 0.920898
0 0.580679 0.603365 0.446815 0.455529 0.856445
0 0.571514 0.599609 0.472356 0.457031 0.88623
0 0.573618 0.59991 0.478966 0.46845 0.804199
0 0.576322 0.600361 0.486779 0.47476 0.792969
0 0.578125 0.602163 0.46875 0.466346 0.839844
0 0.577524 0.602314 0.457933 0.46845 0.875488
0 0.575421 0.607121 0.464543 0.463642 0.884766
0 0.579928 0.602314 0.44351 0.45643 0.944824
0 0.580529 0.598708 0.448317 0.45643 0.936523
0 0.579327 0.601562 0.455529 0.453125 0.925293
0 0.598708 0.600811 0.415565 0.457031 0.92041
0 0.597206 0.601562 0.41857 0.475962 0.920898
0 0.599609 0.603215 0.416166 0.476262 0.930664
0 0.595102 0.603365 0.427584 0.469952 0.915039
0 0.582933 0.605168 0.455529 0.472356 0.882812
0 0.579477 0.611929 0.451623 0.48768 0.888184
0 0.582933 0.600361 0.451923 0.469952 0.870117
0 0.582332 0.600811 0.453125 0.464243 0.90918
0 0.580529 0.598558 0.456731 0.46875 0.910645
0 0.580529 0.599159 0.455529 0.469952 0.898926
0 0.582332 0.602163 0.455529 0.466346 0.88623
0 0.581731 0.602314 0.455529 0.466046 0.880859
0 0.58113 0.599159 0.456731 0.471154 0.858887
0 0.58113 0.599609 0.460337 0.473858 0.884277
0 0.58113 0.598708 0.457933 0.470853 0.894531
0 0.580529 0.597957 0.459135 0.46875 0.898438
0 0.578726 0.59976 0.460337 0.467548 0.897461
0 0.577073 0.600811 0.458834 0.466647 0.897949
0 0.577524 0.600361 0.456731 0.469952 0.89502
0 0.577524 0.598407 0.459135 0.473858 0.897461
0 0.576923 0.598708 0.459135 0.473257 0.888672
0 0.576322 0.601112 0.456731 0.46845 0.885742
0 0.576322 0.59976 0.460337 0.469952 0.892578
0 0.575721 0.600361 0.460337 0.473558 0.896973
0 0.575721 0.600361 0.454327 0.471154 0.901855
0 0.576322 0.602013 0.451923 0.46905 0.907715
0 0.579177 0.601562 0.44982 0.469952 0.908691
0 0.580529 0.600811 0.448317 0.46905 0.907227
0 0.570012 0.598558 0.483774 0.472356 0.900391
