0 0.629657 0.682091 0.740685 0.585337 0.132568
0 0.605619 0.686899 0.786358 0.567308 0.185913
0 0.575721 0.722957 0.848558 0.551683 0.155884
0 0.572115 0.684495 0.850962 0.61899 0.238281
0 0.57512 0.688702 0.847356 0.612981 0.297363
0 0.600962 0.603966 0.798077 0.739183 0.153809
0 0.582782 0.570613 0.834435 0.702524 0.616211
0 0.550781 0.486478 0.898438 0.884014 0.669922
0 0.569411 0.551983 0.861178 0.781851 0.852539
0 0.501202 0.573317 0.997596 0.830529 0.816406
0 0.5 0.476562 1 0.953125 0.856934
0 0.500601 0.501202 0.998798 0.992788 0.848145
0 0.5 0.481671 1 0.963341 0.854492
0 0.569111 0.51262 0.861779 0.972356 0.87793
0 0.57527 0.688702 0.849459 0.602163 0.86084
0 0.570312 0.678486 0.856971 0.585337 0.896484
0 0.57512 0.674129 0.84976 0.577224 0.903809
0 0.57527 0.670673 0.849459 0.580529 0.904785
0 0.57512 0.670523 0.847356 0.57482 0.918457
0 0.564904 0.685246 0.862981 0.629507 0.926758
0 0.572716 0.670823 0.84976 0.58143 0.933105
0 0.577524 0.686448 0.844952 0.617488 0.943848
0 0.581881 0.65625 0.829026 0.550481 0.921387
0 0.648888 0.655649 0.69982 0.550481 0.939453
0 0.633864 0.655048 0.732272 0.552885 0.93457
0 0.573017 0.653696 0.853966 0.533954 0.899902
0 0.611779 0.647236 0.774039 0.604567 0.864258
0 0.570913 0.688552 0.856971 0.60607 0.893066
0 0.572716 0.695012 0.854567 0.609976 0.900391
0 0.567909 0.699669 0.864183 0.583834 0.867676
0 0.573317 0.667668 0.853365 0.5625 0.868164
0 0.573317 0.658504 0.842548 0.5628 0.952148
0 0.570312 0.691707 0.856971 0.611779 0.942383
0 0.57482 0.688852 0.850361 0.603065 0.916992
0 0.569712 0.688552 0.854567 0.60607 0.916504
0 0.571514 0.668269 0.856971 0.564904 0.936523
0 0.573317 0.665264 0.840144 0.558894 0.955078
0 0.575721 0.672476 0.836538 0.574519 0.97168
0 0.578726 0.676082 0.840144 0.575721 0.958496
0 0.579928 0.693359 0.840144 0.60607 0.945801
0 0.576322 0.690505 0.841346 0.594952 0.922852
0 0.572716 0.67488 0.841346 0.567308 0.931152
0 0.572716 0.672476 0.842548 0.551683 0.939941
0 0.571514 0.665865 0.846154 0.53726 0.936035
0 0.570312 0.664062 0.859375 0.542067 0.916504
0 0.570312 0.665264 0.858173 0.551683 0.910156
0 0.570012 0.676683 0.852764 0.584135 0.933105
0 0.569712 0.667668 0.858173 0.566106 0.90332
0 0.574519 0.668119 0.847356 0.570012 0.882324
0 0.575721 0.670072 0.848558 0.575721 0.936523
0 0.576923 0.668119 0.842548 0.560397 0.928223
0 0.57512 0.668269 0.840144 0.566106 0.953613
0 0.576322 0.67488 0.847356 0.572115 0.95752
0 0.576322 0.665264 0.847356 0.55649 0.94873
0 0.577524 0.657302 0.844952 0.545974 0.941406
0 0.57512 0.666466 0.84976 0.560096 0.921875
0 0.57512 0.664663 0.84976 0.561298 0.915527
0 0.571815 0.666466 0.85637 0.567308 0.921875
0 0.571514 0.668269 0.856971 0.56851 0.939941
0 0.572115 0.669321 0.855769 0.565204 0.937988
0 0.569111 0.669471 0.852163 0.567308 0.942871
0 0.569411 0.669471 0.851562 0.567308 0.955566
0 0.569712 0.676683 0.848558 0.567308 0.955078
0 0.572416 0.677885 0.852764 0.567308 0.952637
0 0.573317 0.670823 0.853365 0.571815 0.928223
0 0.572416 0.669471 0.847957 0.572115 0.915039
0 0.57482 0.669471 0.846755 0.564904 0.909668
0 0.57512 0.668119 0.842548 0.560397 0.899414
0 0.57512 0.667067 0.844952 0.5625 0.904785
0 0.574219 0.672476 0.851562 0.572115 0.924805
0 0.575421 0.667668 0.849159 0.561298 0.933594
0 0.576322 0.663612 0.844952 0.552584 0.938965
0 0.576322 0.66226 0.844952 0.551683 0.944824
0 0.573918 0.66241 0.844952 0.55018 0.944824
0 0.573618 0.661058 0.847957 0.548077 0.935547
0 0.573317 0.660457 0.853365 0.550481 0.925293
0 0.572115 0.661208 0.850962 0.547776 0.91748
0 0.569111 0.668269 0.844952 0.55649 0.937988
0 0.571514 0.669621 0.846154 0.559796 0.934082
0 0.572115 0.670523 0.846154 0.565204 0.939453
0 0.572416 0.662861 0.847957 0.546875 0.927734
0 0.573317 0.664663 0.848558 0.546875 0.93457
0 0.574519 0.665865 0.850962 0.561298 0.942383
0 0.57482 0.664663 0.849159 0.555288 0.945312
0 0.581731 0.657452 0.835337 0.543269 0.911621
