0 0.451998 0.615234 0.581581 0.769531 0.192261
0 0.446514 0.45012 0.692308 0.866587 0.39502
0 0.410757 0.504207 0.659255 0.504808 0.251953
0 0.410457 0.547551 0.633413 0.597206 0.587891
0 0.414063 0.564303 0.682692 0.66226 0.695801
0 0.376202 0.570012 0.75 0.660457 0.619629
0 0.485577 0.423077 0.971154 0.846154 0.650391
0 0.353966 0.603365 0.707933 0.742789 0.811035
0 0.368389 0.494591 0.736779 0.989183 0.565918
0 0.560096 0.605318 0.879808 0.789363 0.607422
0 0.474459 0.614183 0.732572 0.771635 0.884277
0 0.409255 0.572716 0.657452 0.674279 0.930664
0 0.408654 0.5622 0.641827 0.652043 0.943848
0 0.423077 0.56851 0.620192 0.661058 0.780762
0 0.426082 0.560397 0.614183 0.632812 0.855957
0 0.370793 0.570312 0.721154 0.655048 0.833008
0 0.366587 0.560397 0.723558 0.640024 0.250977
0 0.427885 0.605619 0.625 0.752704 0.181519
0 0.426683 0.56851 0.612981 0.66226 0.518555
0 0.423377 0.572716 0.607572 0.649039 0.371094
0 0.417067 0.615385 0.643029 0.742788 0.73877
0 0.41887 0.478065 0.623798 0.477764 0.685059
0 0.450195 0.621394 0.585186 0.75 0.794922
0 0.444712 0.615234 0.579327 0.764724 0.914062
0 0.449519 0.615535 0.5625 0.76893 0.881836
0 0.456731 0.554688 0.544471 0.639423 0.818848
0 0.456806 0.565204 0.55634 0.662861 0.858887
0 0.425481 0.601713 0.653846 0.722055 0.868164
0 0.429688 0.597957 0.65024 0.721154 0.891113
0 0.426683 0.564603 0.632212 0.656851 0.898438
0 0.411659 0.594952 0.621394 0.716346 0.888184
0 0.416767 0.610577 0.630409 0.75 0.945801
0 0.415565 0.611178 0.620793 0.748798 0.947266
0 0.417668 0.609976 0.633413 0.75601 0.953613
0 0.42488 0.574519 0.628606 0.6875 0.922363
0 0.414363 0.610727 0.626803 0.764123 0.937012
0 0.420673 0.554387 0.628606 0.660457 0.898438
0 0.425781 0.565805 0.646034 0.646034 0.933105
0 0.428185 0.566106 0.655649 0.66226 0.949707
0 0.427885 0.557392 0.658654 0.642428 0.946777
0 0.426082 0.551683 0.652644 0.661058 0.930664
0 0.433894 0.55649 0.661058 0.647837 0.931641
0 0.426983 0.560697 0.636418 0.649038 0.890137
0 0.430288 0.563101 0.646635 0.657452 0.911621
0 0.430288 0.560096 0.649039 0.663462 0.916016
0 0.43119 0.554087 0.649639 0.658654 0.92627
0 0.428786 0.553786 0.636418 0.646034 0.9375
0 0.430589 0.557392 0.635216 0.658053 0.949219
0 0.432692 0.564303 0.644231 0.664664 0.942383
0 0.432993 0.554387 0.629207 0.636418 0.943359
0 0.432692 0.558293 0.644231 0.653846 0.944824
0 0.435397 0.563702 0.641226 0.658654 0.898926
0 0.433594 0.564904 0.636418 0.657452 0.873535
0 0.430889 0.560397 0.635817 0.665264 0.867676
0 0.43149 0.561599 0.641827 0.664062 0.890137
0 0.427284 0.5628 0.643029 0.658053 0.917969
0 0.427584 0.559796 0.641226 0.654447 0.923828
0 0.428185 0.559796 0.636418 0.654447 0.926758
0 0.425481 0.561899 0.632212 0.647837 0.928711
0 0.429087 0.564904 0.637019 0.639423 0.922363
0 0.427885 0.560998 0.644231 0.652043 0.922363
0 0.423077 0.558594 0.640625 0.656851 0.914062
0 0.427584 0.5622 0.644832 0.656851 0.900391
0 0.428786 0.5625 0.63762 0.65625 0.868652
0 0.429087 0.559195 0.633413 0.658053 0.859375
0 0.429688 0.563401 0.643029 0.661659 0.886719
0 0.427885 0.560998 0.640625 0.658053 0.891602
0 0.427284 0.561298 0.643029 0.657452 0.914062
0 0.428486 0.5625 0.644231 0.653846 0.901367
0 0.429387 0.562801 0.638822 0.653245 0.901367
0 0.426082 0.558894 0.637019 0.653846 0.905762
0 0.430889 0.560096 0.638221 0.655048 0.891602
0 0.429688 0.558894 0.635817 0.652644 0.898438
0 0.428486 0.559796 0.635817 0.647236 0.908203
0 0.429387 0.558594 0.63762 0.648438 0.914551
0 0.429688 0.55649 0.634615 0.649039 0.915039
0 0.427584 0.55649 0.630409 0.646635 0.914551
0 0.424579 0.559495 0.631611 0.652644 0.918457
0 0.425781 0.558594 0.631611 0.655649 0.922852
0 0.427584 0.558293 0.632812 0.657452 0.933594
0 0.421274 0.559946 0.625 0.656551 0.90625
