0 0.487455 0.512921 0.592398 0.832332 0.213989
0 0.478666 0.50631 0.584736 0.781851 0.234009
0 0.58774 0.466046 0.795673 0.861178 0.141724
0 0.596004 0.456731 0.791166 0.75601 0.12146
0 0.473858 0.478365 0.912861 0.819712 0.170776
0 0.404447 0.454327 0.728365 0.908654 0.168823
0 0.492188 0.436298 0.567308 0.872596 0.371094
0 0.472431 0.533954 0.592398 0.852764 0.415771
0 0.466046 0.527644 0.620793 0.794471 0.728516
0 0.471755 0.537861 0.623798 0.813702 0.657715
0 0.434195 0.536659 0.828726 0.854567 0.587891
0 0.417668 0.529147 0.830529 0.879207 0.779297
0 0.5 0.521635 1 0.876202 0.70166
0 0.497296 0.549279 0.98738 0.867789 0.80127
0 0.51232 0.492188 0.975361 0.984375 0.803223
0 0.590294 0.585337 0.819411 0.829327 0.760742
0 0.589393 0.558594 0.821214 0.882812 0.874512
0 0.578275 0.552584 0.838642 0.844351 0.915527
0 0.582933 0.527043 0.788462 0.810096 0.799316
0 0.490084 0.534255 0.608774 0.760817 0.86377
0 0.602163 0.540565 0.790865 0.757812 0.864258
0 0.589994 0.493389 0.79357 0.734375 0.885254
0 0.492112 0.506611 0.584285 0.770433 0.961426
0 0.480243 0.494591 0.594802 0.74399 0.933594
0 0.479567 0.523438 0.584135 0.74399 0.901367
0 0.485276 0.518029 0.608774 0.754808 0.924805
0 0.472356 0.513221 0.620192 0.771635 0.879883
0 0.479267 0.525841 0.605168 0.814904 0.893066
0 0.482873 0.509315 0.597957 0.780649 0.890137
0 0.480168 0.511418 0.592548 0.763221 0.902344
0 0.491662 0.526442 0.557542 0.772837 0.962891
0 0.479567 0.533053 0.579327 0.782452 0.95166
0 0.484976 0.513221 0.573317 0.762019 0.912598
0 0.473483 0.511719 0.589093 0.765024 0.885742
0 0.486779 0.514123 0.561298 0.777043 0.941406
0 0.488507 0.516226 0.559044 0.777644 0.95752
0 0.480844 0.507812 0.574369 0.77524 0.967285
0 0.486478 0.484976 0.570313 0.788462 0.958008
0 0.481896 0.557091 0.581881 0.88101 0.954102
0 0.485577 0.495793 0.575721 0.763221 0.916992
0 0.477764 0.498197 0.574519 0.758413 0.931152
0 0.480769 0.49399 0.573317 0.770433 0.973633
0 0.480469 0.494892 0.587139 0.755409 0.961914
0 0.488582 0.501202 0.592548 0.75601 0.95752
0 0.486253 0.500601 0.58759 0.768029 0.963867
0 0.485276 0.51863 0.583534 0.80649 0.943359
0 0.483173 0.516526 0.586538 0.798678 0.94873
0 0.481295 0.519231 0.587891 0.798077 0.949707
0 0.484075 0.51863 0.596755 0.802885 0.959473
0 0.488582 0.509916 0.592548 0.786659 0.935547
0 0.485276 0.501202 0.589543 0.778846 0.933105
0 0.486854 0.51232 0.585186 0.783053 0.946289
0 0.48738 0.500901 0.582933 0.765024 0.960449
0 0.489108 0.498197 0.581881 0.762019 0.955078
0 0.490685 0.5 0.584736 0.759615 0.949219
0 0.490685 0.492488 0.579928 0.750601 0.939941
0 0.490084 0.498197 0.584736 0.768029 0.9375
0 0.489483 0.500601 0.585938 0.764423 0.939453
0 0.486478 0.499399 0.587139 0.760817 0.93457
0 0.486779 0.494892 0.59375 0.760216 0.942871
0 0.48768 0.492788 0.593149 0.764423 0.939453
0 0.486779 0.496995 0.591346 0.762019 0.92627
0 0.493389 0.496995 0.604567 0.763221 0.945312
0 0.496394 0.496995 0.620192 0.776442 0.897461
0 0.489784 0.496995 0.597356 0.77524 0.911133
0 0.49369 0.500601 0.596755 0.765625 0.884766
0 0.492864 0.501202 0.588792 0.764423 0.862793
0 0.491286 0.495192 0.589543 0.764423 0.862793
0 0.492864 0.503606 0.610427 0.771635 0.930176
0 0.518029 0.502404 0.653846 0.768029 0.912598
0 0.516226 0.497296 0.659856 0.761418 0.933105
0 0.489108 0.496394 0.608323 0.754808 0.938477
0 0.483173 0.495793 0.59375 0.748798 0.939941
0 0.482046 0.495192 0.591196 0.747596 0.941895
0 0.487305 0.492188 0.5939 0.751202 0.939453
0 0.487079 0.495793 0.591947 0.757212 0.941406
0 0.484675 0.498197 0.590745 0.757212 0.936523
0 0.487981 0.495192 0.598558 0.763221 0.931152
0 0.48738 0.49399 0.600962 0.769231 0.927734
0 0.482647 0.494591 0.592398 0.768029 0.926758
0 0.482046 0.496995 0.588792 0.762019 0.932617
0 0.485877 0.498798 0.590745 0.762019 0.929688
0 0.492188 0.49399 0.592548 0.762019 0.942871
0 0.480544 0.493089 0.599008 0.761418 0.885742
