0 0.652644 0.555889 0.6875 0.826923 0.106689
0 0.653846 0.571514 0.685096 0.856971 0.151245
0 0.61899 0.608323 0.629808 0.653546 0.107239
0 0.413161 0.543269 0.239784 0.810096 0.356689
0 0.415264 0.54387 0.25 0.782452 0.57373
0 0.423077 0.548978 0.225962 0.798678 0.578613
0 0.400165 0.537861 0.262169 0.801683 0.219971
0 0.379883 0.521635 0.251052 0.75601 0.44458
0 0.291767 0.540865 0.583534 0.882212 0.679199
0 0.390325 0.565204 0.769832 0.846755 0.764648
0 0.276968 0.536659 0.526593 0.926683 0.740234
0 0.469351 0.46875 0.938702 0.9375 0.44458
0 0.446514 0.546875 0.890625 0.90625 0.78418
0 0.271334 0.480168 0.542668 0.960337 0.763672
0 0.513522 0.492188 0.972957 0.984375 0.619629
0 0.439303 0.566707 0.861779 0.866587 0.720215
0 0.43149 0.570613 0.862981 0.843149 0.651367
0 0.405349 0.548678 0.192909 0.793269 0.381104
0 0.426983 0.539663 0.197716 0.778846 0.60498
0 0.421575 0.531851 0.20613 0.759615 0.536133
0 0.415865 0.546875 0.215144 0.794471 0.728027
0 0.403846 0.528245 0.242788 0.75601 0.932129
0 0.411058 0.534255 0.234375 0.770433 0.907227
0 0.420974 0.523438 0.222957 0.752404 0.910156
0 0.405048 0.536659 0.225962 0.794471 0.916016
0 0.393029 0.544772 0.241587 0.790264 0.907227
0 0.409856 0.542969 0.203726 0.798678 0.839844
0 0.411058 0.538161 0.201923 0.792668 0.849121
0 0.411659 0.549279 0.197115 0.817308 0.836914
0 0.420673 0.536659 0.21274 0.790865 0.878906
0 0.427885 0.540565 0.213942 0.785457 0.903809
0 0.424279 0.542969 0.215745 0.791466 0.937012
0 0.424579 0.535156 0.211538 0.786659 0.943848
0 0.41887 0.540565 0.205529 0.810697 0.927246
0 0.422476 0.535757 0.206731 0.795072 0.921875
0 0.410757 0.544772 0.230168 0.797476 0.931641
0 0.408654 0.539663 0.242788 0.800481 0.927246
0 0.409856 0.537861 0.245192 0.78726 0.915039
0 0.407452 0.542969 0.259615 0.797476 0.904297
0 0.408654 0.538462 0.241587 0.798077 0.901367
0 0.411358 0.536358 0.226562 0.792668 0.871582
0 0.417668 0.536058 0.216346 0.786058 0.871094
0 0.417668 0.535457 0.222356 0.795673 0.866699
0 0.40625 0.534856 0.251202 0.800481 0.86377
0 0.405349 0.533353 0.254207 0.789063 0.84375
0 0.403846 0.528245 0.25601 0.786058 0.883301
0 0.405048 0.536659 0.255409 0.794471 0.92041
0 0.409856 0.532452 0.24399 0.795673 0.946777
0 0.407452 0.530349 0.246394 0.79988 0.941895
0 0.399639 0.534856 0.257212 0.793269 0.916016
0 0.394156 0.532452 0.258564 0.786058 0.875977
0 0.396635 0.528546 0.257212 0.792668 0.854492
0 0.397912 0.53125 0.258263 0.788462 0.878906
0 0.399038 0.533053 0.262019 0.784856 0.902832
0 0.400841 0.533353 0.272236 0.791466 0.88623
0 0.395433 0.534255 0.259014 0.798077 0.871094
0 0.40024 0.535757 0.265625 0.791466 0.841309
0 0.40024 0.536058 0.266827 0.793269 0.826172
0 0.395358 0.534856 0.266977 0.804087 0.794922
0 0.394757 0.533053 0.276593 0.801683 0.780762
0 0.396935 0.535757 0.281851 0.796274 0.76416
0 0.394907 0.535156 0.27509 0.792668 0.784668
0 0.391526 0.53095 0.265625 0.791466 0.809082
0 0.393329 0.532752 0.268029 0.792668 0.796387
0 0.393029 0.532752 0.262019 0.791466 0.778809
0 0.393329 0.53125 0.263221 0.788462 0.796875
0 0.397837 0.53125 0.256611 0.794471 0.819336
0 0.398438 0.532151 0.25601 0.792668 0.833008
0 0.402043 0.532452 0.25 0.789664 0.844727
0 0.403846 0.531851 0.247596 0.792067 0.848633
0 0.405649 0.533053 0.242788 0.78726 0.863281
0 0.405048 0.531851 0.240385 0.780048 0.863281
0 0.402644 0.528245 0.246394 0.780048 0.85498
0 0.40024 0.526442 0.251202 0.783654 0.850098
0 0.399038 0.524639 0.242788 0.780048 0.835449
0 0.398438 0.525841 0.242788 0.780048 0.821777
0 0.402043 0.52524 0.235577 0.778846 0.831543
0 0.400541 0.526442 0.236779 0.778846 0.835938
0 0.392503 0.539513 0.288311 0.805589 0.751953
