0 0.527043 0.54988 0.893029 0.710337 0.11615
0 0.514423 0.542668 0.859375 0.733173 0.208862
0 0.50601 0.566106 0.834135 0.754808 0.338135
0 0.496695 0.53095 0.852764 0.697716 0.348633
0 0.494892 0.505409 0.832332 0.61899 0.485352
0 0.462139 0.432692 0.893029 0.605769 0.669922
0 0.476563 0.551683 0.949519 0.860577 0.736328
0 0.475361 0.527644 0.897837 0.819712 0.769043
0 0.503305 0.597055 0.993389 0.805889 0.328857
0 0.502404 0.508113 0.995192 0.880409 0.416748
0 0.491286 0.533654 0.935697 0.927885 0.812988
0 0.53125 0.494591 0.9375 0.989183 0.743164
0 0.533654 0.60637 0.932692 0.78726 0.86084
0 0.540865 0.602163 0.913462 0.77524 0.926758
0 0.51262 0.579477 0.876202 0.747296 0.924316
0 0.513822 0.501502 0.859375 0.564303 0.935547
0 0.500601 0.518029 0.853365 0.627404 0.902344
0 0.501502 0.525841 0.845553 0.645433 0.928223
0 0.508714 0.533654 0.852764 0.685096 0.884277
0 0.505709 0.551983 0.847957 0.644832 0.927246
0 0.511418 0.5622 0.861779 0.815505 0.94043
0 0.5 0.532151 0.850962 0.673678 0.958008
0 0.503005 0.548077 0.846154 0.689904 0.960449
0 0.508714 0.538161 0.83113 0.692909 0.943359
0 0.5 0.521635 0.848558 0.668269 0.959961
0 0.502404 0.535457 0.850962 0.69351 0.88623
0 0.509615 0.515625 0.870192 0.65625 0.948242
0 0.508413 0.560096 0.894231 0.706731 0.941406
0 0.5 0.544471 0.858173 0.640625 0.884766
0 0.493389 0.544471 0.853365 0.676683 0.909668
0 0.496094 0.542969 0.85637 0.676082 0.939453
0 0.498798 0.530349 0.846154 0.686899 0.940918
0 0.506911 0.536058 0.85637 0.65625 0.938477
0 0.508413 0.542668 0.860577 0.655048 0.918457
0 0.504207 0.540865 0.86899 0.646635 0.946777
0 0.496995 0.535156 0.84976 0.636418 0.973633
0 0.494591 0.529748 0.856971 0.659255 0.973633
0 0.497596 0.516827 0.855769 0.61899 0.946777
0 0.4997 0.522761 0.852764 0.598708 0.936523
0 0.501502 0.496695 0.849159 0.605168 0.944336
0 0.501202 0.513522 0.846154 0.609976 0.938965
0 0.5 0.530649 0.84375 0.659856 0.958496
0 0.500601 0.528846 0.852164 0.652644 0.94873
0 0.500601 0.532752 0.864183 0.66887 0.946777
0 0.502404 0.532452 0.852164 0.659856 0.935547
0 0.50601 0.53125 0.84375 0.65625 0.910156
0 0.50631 0.533954 0.845553 0.644832 0.965332
0 0.503005 0.536659 0.846154 0.65024 0.957031
0 0.501803 0.540264 0.855769 0.659856 0.965332
0 0.504207 0.53125 0.852163 0.645433 0.963867
0 0.505409 0.517428 0.856971 0.635817 0.955566
0 0.510817 0.526442 0.860577 0.644231 0.958496
0 0.508413 0.526142 0.850962 0.64363 0.946777
0 0.507212 0.527043 0.855769 0.663462 0.949707
0 0.504507 0.544471 0.861178 0.689904 0.943359
0 0.504207 0.539964 0.862981 0.694111 0.963379
0 0.501502 0.539663 0.857572 0.700721 0.963379
0 0.4997 0.541166 0.853966 0.694111 0.964844
0 0.498197 0.539964 0.856971 0.679688 0.96875
0 0.498498 0.531851 0.861178 0.669471 0.96582
0 0.500601 0.527043 0.859375 0.671875 0.972656
0 0.502704 0.533954 0.852764 0.679688 0.971191
0 0.508413 0.537861 0.855769 0.686298 0.976074
0 0.508413 0.540264 0.865385 0.698317 0.95752
0 0.502103 0.542668 0.858774 0.695913 0.953613
0 0.507512 0.54387 0.869591 0.691106 0.94043
0 0.506611 0.543269 0.862981 0.685096 0.914551
0 0.504207 0.527644 0.864183 0.663462 0.888672
0 0.504808 0.535757 0.865385 0.676082 0.922363
0 0.50601 0.541466 0.860577 0.685096 0.903809
0 0.505108 0.531851 0.855168 0.675481 0.927734
0 0.505409 0.516827 0.855769 0.649039 0.936035
0 0.501202 0.510216 0.856971 0.633414 0.936035
0 0.500601 0.508714 0.859375 0.629207 0.94043
0 0.503606 0.508714 0.867788 0.634014 0.92627
0 0.504207 0.516226 0.859375 0.646635 0.944824
0 0.502404 0.519832 0.852164 0.645433 0.955078
0 0.504507 0.516827 0.85637 0.644231 0.953125
0 0.504207 0.515024 0.859375 0.65024 0.954102
0 0.502404 0.514423 0.850962 0.641827 0.949707
0 0.502404 0.513522 0.853365 0.644832 0.941895
0 0.503305 0.519531 0.851562 0.654447 0.949219
0 0.502404 0.520433 0.852164 0.664663 0.944336
0 0.502103 0.53726 0.859976 0.68149 0.931152
