0 0.490986 0.532752 0.969952 0.934495 0.256836
0 0.464543 0.53125 0.929087 0.9375 0.263672
0 0.483173 0.504207 0.966346 0.991587 0.250488
0 0.473558 0.634766 0.947115 0.730469 0.147095
0 0.481971 0.628606 0.963942 0.742788 0.256104
0 0.469351 0.509615 0.936298 0.980769 0.434082
0 0.463341 0.517428 0.925481 0.94351 0.625977
0 0.464243 0.580078 0.928486 0.839844 0.327148
0 0.403245 0.537861 0.80649 0.924279 0.556641
0 0.471755 0.52524 0.914663 0.918269 0.75
0 0.475361 0.530048 0.950721 0.933894 0.82373
0 0.491587 0.553185 0.961538 0.89363 0.866211
0 0.474459 0.509315 0.948918 0.953726 0.774414
0 0.485577 0.537861 0.971154 0.924279 0.810547
0 0.467548 0.504808 0.935096 0.978365 0.939453
0 0.462139 0.560397 0.924279 0.879207 0.967773
0 0.480469 0.536659 0.959736 0.926683 0.913574
0 0.467548 0.526743 0.935096 0.929688 0.86084
0 0.467548 0.579928 0.935096 0.840144 0.740234
0 0.458834 0.395433 0.917668 0.644231 0.151489
0 0.467849 0.547476 0.935697 0.895433 0.464844
0 0.46875 0.689303 0.9375 0.621394 0.439697
0 0.485577 0.63101 0.925481 0.737981 0.804199
0 0.484075 0.534856 0.959736 0.930288 0.697754
0 0.471755 0.534255 0.932692 0.93149 0.90918
0 0.465144 0.537861 0.930288 0.924279 0.964355
0 0.471755 0.530048 0.94351 0.933894 0.94873
0 0.466346 0.53125 0.932692 0.930288 0.952637
0 0.479567 0.529447 0.938702 0.936298 0.971191
0 0.466046 0.52524 0.930889 0.949519 0.88623
0 0.464543 0.530649 0.929087 0.938702 0.958984
0 0.463642 0.528846 0.927284 0.942308 0.980957
0 0.472957 0.522837 0.933894 0.954327 0.976074
0 0.478666 0.532752 0.946514 0.934495 0.961914
0 0.474159 0.554988 0.945913 0.890024 0.936523
0 0.465745 0.53726 0.93149 0.925481 0.95459
0 0.464543 0.539663 0.923077 0.920673 0.980469
0 0.46274 0.536058 0.918269 0.927885 0.967773
0 0.466346 0.529147 0.930288 0.940505 0.987793
0 0.469351 0.530349 0.93149 0.939303 0.993652
0 0.470553 0.526142 0.933894 0.945313 0.949219
0 0.466046 0.527043 0.928486 0.941106 0.955078
0 0.463942 0.523137 0.927885 0.948918 0.958984
0 0.464543 0.518029 0.929087 0.888221 0.95752
0 0.46875 0.51863 0.93149 0.884615 0.95166
0 0.471154 0.534255 0.929087 0.921875 0.946777
0 0.471154 0.533654 0.925481 0.923077 0.951172
0 0.467548 0.533654 0.930288 0.919471 0.953613
0 0.467548 0.533654 0.93149 0.926683 0.962891
0 0.476863 0.524038 0.952524 0.942308 0.963867
0 0.471755 0.526442 0.94351 0.925481 0.956055
0 0.475361 0.527043 0.950721 0.929087 0.968262
0 0.474459 0.535156 0.948918 0.929688 0.965332
0 0.47476 0.532452 0.944712 0.935096 0.970215
0 0.472356 0.525841 0.939904 0.948317 0.967285
0 0.480168 0.527945 0.951923 0.944111 0.959961
0 0.474159 0.527644 0.948317 0.944712 0.944336
0 0.475361 0.526442 0.947115 0.947115 0.943359
0 0.480469 0.53125 0.933293 0.9375 0.958496
0 0.489784 0.534555 0.914663 0.930889 0.961914
0 0.478065 0.533053 0.944111 0.933894 0.964355
0 0.475361 0.53155 0.945913 0.936899 0.981934
0 0.475361 0.533654 0.941106 0.932692 0.978027
0 0.478966 0.53095 0.950721 0.938101 0.981934
0 0.480469 0.526442 0.958534 0.947115 0.973633
0 0.473257 0.531851 0.946514 0.936298 0.964355
0 0.482572 0.528245 0.960337 0.936298 0.950195
0 0.475361 0.532452 0.950721 0.935096 0.928223
0 0.476563 0.528245 0.950721 0.941106 0.94043
0 0.477163 0.536358 0.949519 0.927284 0.941895
0 0.475361 0.535757 0.941106 0.927284 0.951172
0 0.475661 0.533053 0.936899 0.932692 0.958496
0 0.476562 0.534255 0.938702 0.930288 0.963379
0 0.472356 0.535757 0.932692 0.928486 0.960938
0 0.472055 0.535457 0.934495 0.929087 0.956055
0 0.477764 0.532151 0.953125 0.935697 0.960449
0 0.477764 0.533954 0.950721 0.932091 0.966309
0 0.476262 0.535457 0.948918 0.929087 0.967285
0 0.478365 0.532151 0.954327 0.935697 0.967285
0 0.478365 0.528846 0.954327 0.942308 0.969727
0 0.475361 0.529447 0.945913 0.941106 0.97168
0 0.47476 0.531851 0.944712 0.936298 0.966309
0 0.475361 0.53155 0.94351 0.936899 0.962891
0 0.472656 0.531851 0.939303 0.936298 0.963867
0 0.471454 0.535757 0.942909 0.923678 0.966797
