0 0.570312 0.429087 0.597356 0.549279 0.12793
0 0.558293 0.419171 0.582933 0.524639 0.230225
0 0.561899 0.489859 0.573317 0.469802 0.11438
0 0.552284 0.416767 0.610577 0.537861 0.397949
0 0.552885 0.439378 0.598558 0.498648 0.442627
0 0.542067 0.389949 0.615385 0.473708 0.633301
0 0.47476 0.410382 0.739183 0.522987 0.771973
0 0.494591 0.540865 0.795673 0.790865 0.737793
0 0.532452 0.424805 0.653846 0.525391 0.795898
0 0.439904 0.36899 0.879808 0.737981 0.436768
0 0.300481 0.4378 0.600962 0.875601 0.786621
0 0.533053 0.459135 0.91226 0.918269 0.813477
0 0.538762 0.603365 0.922476 0.793269 0.860352
0 0.511418 0.436298 0.977163 0.872596 0.826172
0 0.539062 0.425406 0.611779 0.548227 0.87207
0 0.557091 0.427584 0.582933 0.534255 0.922852
0 0.570012 0.433819 0.594351 0.538612 0.798828
0 0.470853 0.442308 0.756611 0.510817 0.376709
0 0.554387 0.433293 0.605168 0.527644 0.839844
0 0.551082 0.434195 0.617788 0.511418 0.836914
0 0.554988 0.42796 0.603966 0.540715 0.842285
0 0.556566 0.432016 0.596004 0.532602 0.89502
0 0.563101 0.421349 0.597356 0.539513 0.931641
0 0.5625 0.419546 0.605769 0.538311 0.883301
0 0.440505 0.557091 0.780048 0.820914 0.585938
0 0.540565 0.572716 0.91887 0.846154 0.893066
0 0.570312 0.519832 0.664663 0.710337 0.937012
0 0.579177 0.475962 0.596454 0.625 0.901367
0 0.573017 0.430589 0.560697 0.525841 0.862793
0 0.564904 0.426082 0.573317 0.533654 0.922852
0 0.542743 0.466271 0.570763 0.591496 0.888184
0 0.554763 0.500601 0.575571 0.68149 0.908691
0 0.564904 0.422175 0.584135 0.534255 0.90918
0 0.560397 0.420673 0.591947 0.527644 0.939453
0 0.561599 0.419471 0.609976 0.526442 0.964844
0 0.555589 0.419546 0.607572 0.526292 0.975586
0 0.552284 0.42796 0.592548 0.543119 0.975586
0 0.563401 0.427885 0.587139 0.528846 0.943848
0 0.491587 0.576923 0.975962 0.846154 0.965332
0 0.635517 0.405048 0.728966 0.477163 0.834473
0 0.552584 0.440505 0.570312 0.524038 0.927734
0 0.55649 0.450721 0.572115 0.552885 0.939453
0 0.554387 0.436298 0.585938 0.530048 0.914062
0 0.561373 0.434495 0.594802 0.528846 0.94873
0 0.561599 0.42781 0.591947 0.530198 0.920898
0 0.560697 0.421875 0.590144 0.521635 0.919434
0 0.559796 0.414138 0.589543 0.508263 0.910156
0 0.55619 0.414964 0.590745 0.517428 0.902344
0 0.555889 0.413762 0.602163 0.515024 0.905273
0 0.557993 0.420147 0.588341 0.503456 0.917969
0 0.560096 0.419471 0.58774 0.5 0.933105
0 0.560021 0.428185 0.5939 0.51262 0.947754
0 0.565505 0.421575 0.580529 0.505409 0.937012
0 0.560697 0.426082 0.58774 0.50601 0.912598
0 0.558293 0.428561 0.592548 0.515475 0.903809
0 0.557091 0.426983 0.588942 0.528245 0.917969
0 0.557692 0.427809 0.591346 0.536208 0.895996
0 0.557392 0.436899 0.584736 0.546875 0.918945
0 0.55649 0.432016 0.585337 0.538612 0.928711
0 0.555814 0.429387 0.586689 0.537861 0.935547
0 0.557016 0.42518 0.583083 0.528245 0.916504
0 0.558594 0.432692 0.584736 0.521635 0.904297
0 0.557617 0.436298 0.586689 0.524038 0.930664
0 0.555213 0.438101 0.596304 0.539663 0.922363
0 0.555288 0.436373 0.596154 0.540715 0.898926
0 0.560171 0.435622 0.592398 0.547025 0.866211
0 0.557993 0.435697 0.583534 0.534856 0.844238
0 0.558293 0.428486 0.58774 0.527644 0.836426
0 0.561899 0.432767 0.590144 0.5311 0.876465
0 0.558368 0.426382 0.5936 0.531851 0.89209
0 0.560096 0.430364 0.588942 0.522686 0.909668
0 0.554988 0.424204 0.594351 0.530198 0.912598
0 0.558594 0.432617 0.588341 0.522987 0.933105
0 0.557692 0.432091 0.591346 0.522837 0.928711
0 0.557617 0.423152 0.591496 0.533504 0.924316
0 0.557392 0.42488 0.590745 0.53125 0.916504
0 0.55942 0.427584 0.590294 0.524639 0.924316
0 0.560622 0.426683 0.595102 0.524038 0.928223
0 0.560096 0.426758 0.596154 0.52509 0.921875
0 0.559495 0.426683 0.592548 0.521635 0.927734
0 0.55942 0.427284 0.590294 0.521635 0.927246
0 0.561373 0.426382 0.589994 0.525841 0.929688
0 0.561223 0.427584 0.587891 0.525841 0.945312
0 0.559721 0.42165 0.599309 0.556941 0.927734
