0 0.50601 0.623648 0.983173 0.570012 0.105591
0 0.50631 0.632812 0.98738 0.580529 0.163208
0 0.503606 0.632812 0.985577 0.576923 0.224365
0 0.5 0.628606 1 0.649038 0.140991
0 0.501803 0.646935 0.99399 0.70613 0.239746
0 0.509315 0.451322 0.975361 0.801683 0.480469
0 0.498798 0.626803 0.992788 0.623798 0.513672
0 0.347356 0.61238 0.673077 0.580529 0.213379
0 0.342849 0.56881 0.685697 0.708534 0.540039
0 0.500601 0.628606 0.998798 0.605769 0.762207
0 0.477163 0.625 0.954327 0.602163 0.722656
0 0.5003 0.663762 0.999399 0.672476 0.714844
0 0.5 0.640625 1 0.658654 0.668945
0 0.501202 0.649639 0.997596 0.69351 0.769043
0 0.50601 0.498498 0.987981 0.996995 0.728027
0 0.502103 0.607873 0.995793 0.784255 0.864746
0 0.509615 0.669621 0.980769 0.651142 0.844727
0 0.502404 0.640625 0.995192 0.620192 0.828613
0 0.511118 0.628606 0.977764 0.552885 0.312012
0 0.498798 0.658053 0.997596 0.594952 0.928711
0 0.497596 0.611178 0.995192 0.617788 0.901367
0 0.498798 0.585938 0.997596 0.736779 0.848633
0 0.500601 0.624399 0.998798 0.584135 0.782715
0 0.499399 0.630409 0.996394 0.58774 0.817383
0 0.514123 0.63101 0.969351 0.584135 0.950684
0 0.608323 0.633413 0.78095 0.59375 0.942383
0 0.501803 0.671274 0.996394 0.657452 0.920898
0 0.50631 0.635968 0.983774 0.591046 0.865234
0 0.632061 0.621244 0.733474 0.586839 0.879395
0 0.508714 0.639423 0.966947 0.566106 0.900879
0 0.501202 0.654447 0.992788 0.606971 0.925293
0 0.504207 0.664062 0.991587 0.671875 0.884277
0 0.498197 0.664663 0.990385 0.670673 0.88916
0 0.499399 0.618389 0.991587 0.585337 0.918457
0 0.498498 0.621394 0.989784 0.574519 0.947266
0 0.502103 0.627404 0.994591 0.582933 0.960938
0 0.501202 0.63101 0.989183 0.573317 0.949219
0 0.502404 0.662109 0.985577 0.642127 0.944824
0 0.501502 0.64363 0.986178 0.609375 0.925293
0 0.5 0.636418 0.985577 0.58774 0.93457
0 0.498197 0.632061 0.989183 0.59405 0.953125
0 0.497596 0.621544 0.990385 0.576623 0.933594
0 0.501502 0.626352 0.994591 0.58143 0.946777
0 0.503606 0.629808 0.990385 0.586538 0.945801
0 0.501803 0.631611 0.986779 0.578125 0.931641
0 0.500601 0.621995 0.989183 0.557692 0.939941
0 0.498798 0.626352 0.992788 0.571815 0.928223
0 0.498197 0.633413 0.996394 0.581731 0.931152
0 0.499399 0.632812 0.99399 0.578125 0.942871
0 0.503305 0.623948 0.993389 0.579026 0.927734
0 0.503305 0.63101 0.993389 0.58774 0.951172
0 0.503606 0.626202 0.992788 0.575721 0.938965
0 0.504808 0.624399 0.990385 0.570913 0.95166
0 0.503606 0.634615 0.992788 0.588942 0.942383
0 0.504808 0.623648 0.983173 0.57482 0.928711
0 0.504207 0.622596 0.979567 0.584135 0.920898
0 0.508714 0.621544 0.970553 0.571815 0.939453
0 0.498197 0.620793 0.989183 0.566106 0.956543
0 0.499099 0.619591 0.993389 0.566106 0.962891
0 0.500601 0.620192 0.992788 0.570913 0.960449
0 0.500601 0.626352 0.992788 0.574219 0.945312
0 0.502404 0.62485 0.995192 0.570012 0.953613
0 0.503606 0.621244 0.992788 0.582031 0.953125
0 0.502704 0.622596 0.992188 0.584135 0.951172
0 0.503305 0.625601 0.993389 0.584135 0.938965
0 0.503005 0.626352 0.99399 0.583834 0.924316
0 0.503606 0.623948 0.992788 0.588642 0.915039
0 0.50631 0.626202 0.98738 0.58774 0.935059
0 0.507512 0.626052 0.984976 0.579627 0.944824
0 0.507812 0.623948 0.980769 0.576623 0.954102
0 0.507812 0.621244 0.981971 0.579627 0.955078
0 0.505709 0.623798 0.98137 0.578125 0.956055
0 0.505409 0.625 0.983173 0.579327 0.955566
0 0.50631 0.623798 0.98738 0.586538 0.949707
0 0.505108 0.625 0.986178 0.585337 0.945801
0 0.501803 0.625601 0.983173 0.579327 0.94873
0 0.503005 0.623798 0.986779 0.579327 0.949707
0 0.503606 0.623948 0.987981 0.58143 0.952637
0 0.503005 0.62485 0.984375 0.570012 0.956055
0 0.503906 0.628005 0.984976 0.56851 0.95459
0 0.505108 0.628756 0.98738 0.574219 0.953613
0 0.502704 0.626803 0.994591 0.573317 0.956055
0 0.506761 0.623197 0.986478 0.574519 0.942871
