0 0.519531 0.524339 0.347957 0.560697 0.155396
0 0.508113 0.525841 0.373197 0.5625 0.258057
0 0.521034 0.519531 0.361779 0.566707 0.102112
0 0.353966 0.396635 0.700721 0.793269 0.207275
0 0.524038 0.50909 0.376202 0.533504 0.515625
0 0.514423 0.519531 0.418269 0.521034 0.39502
0 0.503906 0.516226 0.421274 0.510817 0.455078
0 0.514423 0.518029 0.397837 0.533654 0.59375
0 0.364784 0.41226 0.722356 0.793269 0.662109
0 0.388522 0.448317 0.777043 0.896635 0.453369
0 0.358173 0.498197 0.716346 0.996394 0.796387
0 0.35607 0.482572 0.712139 0.965144 0.734863
0 0.507512 0.628155 0.984976 0.74369 0.662598
0 0.538462 0.515024 0.378606 0.539663 0.796387
0 0.500301 0.522311 0.386418 0.56235 0.760742
0 0.505108 0.536058 0.390024 0.576923 0.888184
0 0.505409 0.635817 0.396635 0.397837 0.567871
0 0.508714 0.622596 0.39363 0.366587 0.519531
0 0.511118 0.539062 0.414062 0.521635 0.856934
0 0.507212 0.542668 0.402644 0.53125 0.896484
0 0.528846 0.536058 0.360577 0.59976 0.905273
0 0.522837 0.541391 0.366587 0.571064 0.961426
0 0.519231 0.543795 0.361779 0.560246 0.977539
0 0.521034 0.533579 0.360577 0.557843 0.955078
0 0.512921 0.526968 0.380409 0.554237 0.876465
0 0.519832 0.526142 0.399038 0.554688 0.888184
0 0.506611 0.526968 0.403846 0.53741 0.898438
0 0.505108 0.52817 0.402043 0.553035 0.891602
0 0.508714 0.529372 0.394832 0.556641 0.875
0 0.517428 0.530048 0.371394 0.572115 0.941895
0 0.521635 0.537936 0.362981 0.565956 0.973145
0 0.522236 0.537185 0.361779 0.571064 0.958008
0 0.521935 0.530649 0.361178 0.558894 0.954102
0 0.516827 0.533729 0.372596 0.550331 0.940918
0 0.516827 0.538462 0.367788 0.533654 0.94043
0 0.514423 0.520132 0.365385 0.545072 0.92041
0 0.515625 0.527569 0.354567 0.565054 0.933105
0 0.516827 0.524038 0.353365 0.550481 0.935547
0 0.521935 0.528245 0.349159 0.551683 0.902832
0 0.523137 0.520132 0.351563 0.548678 0.901855
0 0.518329 0.529447 0.351562 0.544471 0.913086
0 0.517127 0.529147 0.355168 0.555889 0.92627
0 0.518029 0.530649 0.379808 0.555288 0.925293
0 0.519531 0.532377 0.373197 0.544621 0.907227
0 0.520433 0.52832 0.371394 0.550331 0.910156
0 0.520733 0.522837 0.367188 0.552885 0.86377
0 0.522236 0.519757 0.370192 0.539814 0.868652
0 0.522837 0.520433 0.36899 0.544471 0.861328
0 0.525541 0.525841 0.370793 0.549279 0.858398
0 0.527344 0.531551 0.365986 0.542668 0.873535
0 0.524639 0.522236 0.362981 0.549279 0.89502
0 0.524038 0.531776 0.36899 0.541016 0.931641
0 0.523738 0.521334 0.36238 0.533053 0.944824
0 0.52524 0.519757 0.358173 0.543419 0.90918
0 0.523438 0.525916 0.360577 0.55634 0.899902
0 0.522837 0.52494 0.361779 0.563101 0.898926
0 0.521034 0.523438 0.366587 0.569712 0.904785
0 0.522837 0.52494 0.365385 0.560697 0.916504
0 0.522536 0.525541 0.363582 0.552284 0.915527
0 0.523738 0.52494 0.364784 0.558293 0.892578
0 0.52494 0.521935 0.369591 0.552284 0.878418
0 0.523438 0.525841 0.362981 0.546875 0.868164
0 0.525841 0.526517 0.359375 0.544321 0.856934
0 0.52494 0.525541 0.365986 0.552284 0.848633
0 0.524038 0.524639 0.365385 0.552885 0.834473
0 0.527644 0.526743 0.367788 0.551082 0.810059
0 0.527644 0.527569 0.364183 0.550631 0.804199
0 0.525841 0.525766 0.364183 0.554237 0.814453
0 0.524038 0.528245 0.370192 0.554087 0.822266
0 0.521635 0.526442 0.370192 0.557692 0.836426
0 0.521034 0.525316 0.370192 0.557542 0.84668
0 0.521334 0.524715 0.369591 0.558744 0.854004
0 0.520433 0.525916 0.36899 0.558744 0.864746
0 0.522837 0.526367 0.370192 0.563852 0.867676
0 0.524038 0.52524 0.371394 0.564904 0.873047
0 0.52524 0.527043 0.365385 0.557692 0.894531
0 0.52524 0.530349 0.365385 0.554688 0.909668
0 0.525841 0.530048 0.370192 0.557692 0.916504
0 0.524639 0.530649 0.372596 0.558894 0.91748
0 0.522536 0.532452 0.370793 0.551683 0.911133
0 0.519832 0.531776 0.375 0.555439 0.910645
0 0.522837 0.53155 0.370192 0.551082 0.916504
0 0.523137 0.528245 0.370793 0.55649 0.931641
0 0.520433 0.511719 0.390625 0.531851 0.789062
