0 0.515925 0.921875 0.968149 0.15625 0.117981
0 0.568209 0.733774 0.254207 0.477163 0.273193
0 0.565505 0.745793 0.25601 0.508413 0.49707
0 0.570312 0.752254 0.24399 0.488281 0.690918
0 0.573017 0.729417 0.253005 0.502704 0.371094
0 0.5 0.497596 1 0.995192 0.70752
0 0.354868 0.411058 0.709736 0.800481 0.5
0 0.359375 0.590745 0.709135 0.460337 0.880859
0 0.485577 0.487981 0.971154 0.632212 0.466797
0 0.367788 0.502404 0.734375 0.629808 0.807617
0 0.504808 0.392428 0.990385 0.784856 0.868164
0 0.514423 0.449519 0.971154 0.899038 0.70166
0 0.355769 0.659706 0.668269 0.332031 0.795898
0 0.511418 0.859375 0.977163 0.28125 0.161377
0 0.495192 0.672476 0.973558 0.352163 0.496094
0 0.482572 0.682843 0.948317 0.357873 0.246948
0 0.0246394 0.707332 0.0492788 0.585337 0.114746
0 0.602163 0.621544 0.319712 0.403546 0.626953
0 0.463041 0.256761 0.915264 0.4372 0.788086
0 0.376803 0.78125 0.74399 0.420673 0.837402
0 0.417969 0.672476 0.82512 0.644231 0.881836
0 0.540264 0.313101 0.919471 0.310697 0.751465
0 0.582332 0.656851 0.262019 0.356971 0.646973
0 0.581731 0.682091 0.257212 0.365385 0.612305
0 0.576322 0.720102 0.263221 0.458834 0.756348
0 0.57512 0.716947 0.270433 0.441106 0.850586
0 0.571214 0.725361 0.281851 0.477163 0.779297
0 0.572716 0.656851 0.262019 0.332933 0.769531
0 0.214093 0.130258 0.41857 0.242788 0.811523
0 0.570312 0.655048 0.262019 0.31851 0.845215
0 0.568209 0.67488 0.257812 0.30649 0.830566
0 0.511418 0.2503 0.966346 0.422476 0.825684
0 0.513221 0.248648 0.973558 0.434195 0.790527
0 0.497296 0.527043 0.992188 0.945913 0.959473
0 0.36238 0.525841 0.72476 0.948317 0.870605
0 0.561298 0.667067 0.272837 0.344952 0.834961
0 0.5622 0.66887 0.263822 0.366587 0.836914
0 0.565204 0.664663 0.26863 0.350962 0.810547
0 0.564904 0.665715 0.27524 0.34405 0.844238
0 0.564603 0.671875 0.272236 0.362981 0.861816
0 0.566106 0.65625 0.265625 0.336538 0.816406
0 0.565805 0.652494 0.261418 0.322416 0.757812
0 0.566707 0.651442 0.258413 0.329327 0.729492
0 0.566406 0.651442 0.265024 0.329327 0.684082
0 0.56851 0.649038 0.264423 0.319712 0.624512
0 0.567909 0.647837 0.264423 0.31851 0.624512
0 0.564904 0.655048 0.259615 0.324519 0.733398
0 0.564904 0.653245 0.254808 0.322115 0.773926
0 0.565204 0.653846 0.26262 0.324519 0.73584
0 0.564603 0.656851 0.272236 0.326923 0.709961
0 0.560397 0.658654 0.284255 0.332933 0.682617
0 0.563702 0.659856 0.288462 0.346154 0.666992
0 0.565805 0.661659 0.284255 0.34375 0.70752
0 0.564904 0.66226 0.283654 0.336538 0.726562
0 0.565204 0.661208 0.287861 0.333834 0.727051
0 0.565505 0.659856 0.288461 0.330529 0.695312
0 0.567608 0.660907 0.280649 0.327224 0.65332
0 0.570312 0.660006 0.280048 0.326623 0.605957
0 0.569411 0.6561 0.283053 0.329627 0.553711
0 0.56851 0.655048 0.286058 0.330529 0.515625
0 0.56851 0.657602 0.283654 0.333834 0.475586
0 0.567909 0.658053 0.280048 0.335337 0.466797
0 0.56881 0.655649 0.277043 0.338942 0.49707
0 0.569712 0.657452 0.276442 0.340144 0.541992
0 0.569111 0.656851 0.271635 0.335337 0.595703
0 0.569411 0.657452 0.26863 0.331731 0.65332
0 0.570012 0.659255 0.26863 0.331731 0.686035
0 0.569411 0.661208 0.269832 0.333834 0.70166
0 0.56851 0.660457 0.270433 0.336538 0.71875
0 0.56851 0.658053 0.271635 0.338942 0.724121
0 0.569111 0.657452 0.271635 0.33774 0.721191
0 0.569111 0.658804 0.272837 0.336238 0.719238
0 0.569111 0.657602 0.278846 0.333834 0.728027
0 0.569712 0.657302 0.28125 0.334435 0.737305
0 0.56881 0.658053 0.278245 0.330529 0.73877
0 0.56851 0.660006 0.276442 0.329026 0.751465
0 0.569712 0.659856 0.276442 0.331731 0.764648
0 0.569712 0.658654 0.280048 0.334135 0.773438
0 0.563101 0.655048 0.258413 0.335337 0.613281
