0 0.445012 0.501202 0.875601 0.823317 0.169189
0 0.427885 0.5 0.848558 0.75601 0.307373
0 0.435998 0.498498 0.834736 0.837139 0.265869
0 0.443209 0.674129 0.817909 0.60607 0.132935
0 0.439303 0.638371 0.861779 0.704026 0.287842
0 0.45613 0.458534 0.864183 0.825721 0.275635
0 0.508413 0.439904 0.870192 0.832933 0.618652
0 0.409856 0.515625 0.786058 0.75601 0.651367
0 0.43149 0.524038 0.800481 0.717548 0.53125
0 0.456731 0.480168 0.90024 0.885817 0.779297
0 0.515625 0.507212 0.96875 0.862981 0.639648
0 0.502404 0.534255 0.995192 0.93149 0.734863
0 0.5003 0.558894 0.999399 0.882212 0.622559
0 0.5 0.492488 1 0.947716 0.432129
0 0.49399 0.524038 0.984375 0.944712 0.727051
0 0.514724 0.499399 0.970553 0.977163 0.840332
0 0.509615 0.504207 0.980769 0.989183 0.737793
0 0.504507 0.533353 0.990986 0.890024 0.874512
0 0.450421 0.479868 0.790264 0.739784 0.917969
0 0.44351 0.551683 0.83774 0.59976 0.899414
0 0.471454 0.47476 0.922476 0.747596 0.699219
0 0.501803 0.541466 0.987981 0.848558 0.898926
0 0.47506 0.543269 0.879207 0.84375 0.884277
0 0.496995 0.525541 0.944712 0.867188 0.925293
0 0.504808 0.497897 0.966346 0.763822 0.900391
0 0.457332 0.513221 0.796875 0.822115 0.950195
0 0.523738 0.513221 0.933293 0.860577 0.85791
0 0.459736 0.529447 0.913462 0.844952 0.790527
0 0.495493 0.48137 0.929688 0.776442 0.902344
0 0.428786 0.52494 0.853966 0.858774 0.945312
0 0.430288 0.538462 0.846154 0.873798 0.909668
0 0.432091 0.51863 0.84976 0.84976 0.854004
0 0.432091 0.517428 0.852164 0.844952 0.898926
0 0.440805 0.537861 0.820312 0.84976 0.95459
0 0.44351 0.537861 0.814904 0.866587 0.956055
0 0.444712 0.530048 0.814904 0.858173 0.92041
0 0.499399 0.536659 0.957933 0.86899 0.903809
0 0.438401 0.529447 0.827524 0.84976 0.948242
0 0.444411 0.52524 0.805889 0.834135 0.979004
0 0.435697 0.52494 0.813702 0.837139 0.978516
0 0.447716 0.527043 0.823317 0.842548 0.965332
0 0.432692 0.548077 0.859375 0.888221 0.960449
0 0.471154 0.524038 0.923077 0.866587 0.940918
0 0.463942 0.533654 0.895433 0.836539 0.941406
0 0.433293 0.53125 0.828125 0.848558 0.937988
0 0.4375 0.527043 0.831731 0.830529 0.942871
0 0.446514 0.533954 0.840144 0.826322 0.946289
0 0.446514 0.527043 0.83774 0.820913 0.936035
0 0.439904 0.524038 0.831731 0.824519 0.933105
0 0.439904 0.520433 0.834135 0.819712 0.944824
0 0.438702 0.519531 0.829327 0.823918 0.953613
0 0.447716 0.521635 0.852164 0.828125 0.957031
0 0.45012 0.520433 0.838942 0.824519 0.950195
0 0.48768 0.518029 0.898438 0.824519 0.939453
0 0.450721 0.531551 0.84375 0.804688 0.960938
0 0.45012 0.531851 0.830529 0.799279 0.958984
0 0.451322 0.52524 0.835337 0.836539 0.976562
0 0.450421 0.526743 0.837139 0.833534 0.974609
0 0.44982 0.519531 0.826322 0.829928 0.966309
0 0.451923 0.515926 0.829327 0.835938 0.951172
0 0.450721 0.518329 0.829327 0.829928 0.961426
0 0.448618 0.51893 0.83113 0.817909 0.966797
0 0.451322 0.513221 0.838942 0.81851 0.967285
0 0.453125 0.51262 0.83774 0.825721 0.966309
0 0.453125 0.522236 0.836538 0.830529 0.949219
0 0.456731 0.524038 0.848558 0.835337 0.953613
0 0.454026 0.523438 0.852764 0.854567 0.949707
0 0.451322 0.52524 0.830529 0.854567 0.950684
0 0.453726 0.524038 0.840144 0.846154 0.925781
0 0.451923 0.52524 0.829327 0.848558 0.915039
0 0.452224 0.523438 0.832332 0.846154 0.922363
0 0.454928 0.534856 0.84375 0.848558 0.950195
0 0.451623 0.53125 0.834736 0.850962 0.945801
0 0.448317 0.523738 0.830529 0.844351 0.943848
0 0.447115 0.518029 0.832933 0.84375 0.951172
0 0.446214 0.526142 0.833534 0.843149 0.955078
0 0.444712 0.524339 0.831731 0.840745 0.955078
0 0.447716 0.523438 0.835337 0.841346 0.945801
0 0.449519 0.521935 0.834135 0.833534 0.934082
0 0.447416 0.521334 0.833534 0.832332 0.933594
0 0.451322 0.522236 0.836538 0.840144 0.930664
0 0.452825 0.519832 0.841947 0.84976 0.930176
0 0.448317 0.519832 0.830529 0.840144 0.944824
0 0.447115 0.524639 0.828125 0.835337 0.952148
0 0.45012 0.527043 0.828125 0.835337 0.956543
0 0.450721 0.524639 0.826923 0.842548 0.951172
0 0.452825 0.499249 0.837139 0.78756 0.913086
