0 0.5003 0.557692 0.975361 0.771635 0.223999
0 0.499099 0.558293 0.998197 0.739183 0.117554
0 0.501202 0.537861 0.985577 0.758413 0.246216
0 0.501202 0.536659 0.992788 0.768029 0.216309
0 0.513822 0.441406 0.949519 0.882812 0.269775
0 0.511418 0.456731 0.938702 0.911058 0.511719
0 0.684495 0.463341 0.626202 0.902644 0.53418
0 0.671274 0.540264 0.626202 0.730769 0.112427
0 0.475361 0.504207 0.950721 0.844952 0.597168
0 0.503005 0.546274 0.992788 0.799279 0.803223
0 0.494591 0.513822 0.989183 0.828125 0.724121
0 0.5 0.576322 1 0.847356 0.574707
0 0.498197 0.549579 0.996394 0.783053 0.626953
0 0.499099 0.606671 0.998197 0.786659 0.780762
0 0.5 0.48137 1 0.96274 0.871582
0 0.502704 0.521635 0.994591 0.956731 0.865234
0 0.503906 0.597957 0.992188 0.804087 0.852051
0 0.422776 0.785457 0.844351 0.28726 0.662109
0 0.501202 0.702524 0.997596 0.453125 0.215698
0 0.492788 0.600962 0.983173 0.649038 0.71875
0 0.497596 0.585337 0.99399 0.676683 0.853516
0 0.503606 0.542368 0.990385 0.780649 0.869629
0 0.496995 0.549579 0.979567 0.751803 0.808594
0 0.507212 0.544471 0.927885 0.771635 0.854492
0 0.509014 0.547476 0.929087 0.771635 0.744141
0 0.497897 0.753606 0.989784 0.360577 0.748535
0 0.507812 0.559495 0.965144 0.77524 0.733398
0 0.498798 0.558894 0.990385 0.766827 0.910645
0 0.503005 0.585337 0.986779 0.824519 0.928223
0 0.496094 0.559495 0.976562 0.77524 0.850098
0 0.493389 0.547176 0.981971 0.759014 0.831543
0 0.495192 0.567608 0.981971 0.765024 0.928223
0 0.481671 0.575421 0.957332 0.808293 0.9375
0 0.499399 0.556791 0.99399 0.790264 0.903809
0 0.497596 0.558894 0.991587 0.789663 0.865234
0 0.498197 0.545072 0.97476 0.768029 0.936523
0 0.5 0.545673 0.987981 0.762019 0.965332
0 0.500601 0.546875 0.973558 0.774038 0.979004
0 0.498197 0.53726 0.972356 0.769231 0.976074
0 0.495793 0.535457 0.955529 0.784856 0.949219
0 0.677734 0.534555 0.634916 0.767428 0.869141
0 0.679688 0.549279 0.61899 0.760817 0.912109
0 0.680439 0.551382 0.61268 0.781851 0.964355
0 0.514423 0.550481 0.9375 0.776442 0.961426
0 0.503305 0.554688 0.960938 0.78125 0.963867
0 0.502103 0.551082 0.957332 0.780048 0.957031
0 0.501803 0.546274 0.966346 0.782452 0.936035
0 0.493089 0.534856 0.972957 0.801683 0.947754
0 0.490986 0.548678 0.977163 0.77524 0.930664
0 0.49399 0.548377 0.986779 0.774639 0.953613
0 0.494892 0.542067 0.98137 0.783654 0.95752
0 0.496394 0.545072 0.985577 0.762019 0.962402
0 0.4997 0.557091 0.990986 0.768029 0.967285
0 0.498197 0.54988 0.989183 0.762019 0.971191
0 0.503005 0.550481 0.991587 0.780048 0.962402
0 0.504207 0.560096 0.991587 0.786058 0.960449
0 0.502704 0.558894 0.98738 0.782452 0.958008
0 0.502704 0.550481 0.980168 0.776442 0.950684
0 0.502404 0.550481 0.971154 0.770433 0.953125
0 0.509014 0.552284 0.955529 0.762019 0.962891
0 0.504207 0.548077 0.963942 0.769231 0.979004
0 0.501502 0.549579 0.963341 0.76863 0.973633
0 0.496394 0.555288 0.963942 0.762019 0.946777
0 0.501803 0.55649 0.967548 0.753606 0.956055
0 0.501202 0.553486 0.969952 0.760817 0.967773
0 0.503606 0.552284 0.955529 0.763221 0.959473
0 0.511418 0.553486 0.956731 0.763221 0.932617
0 0.508714 0.551082 0.960938 0.763221 0.905762
0 0.504507 0.550781 0.964543 0.76863 0.904785
0 0.502404 0.55649 0.96875 0.774039 0.930664
0 0.501803 0.554688 0.965144 0.766827 0.938965
0 0.497596 0.549279 0.966346 0.768029 0.960449
0 0.501202 0.548077 0.965144 0.771635 0.961914
0 0.499099 0.550481 0.957332 0.770433 0.961914
0 0.504507 0.555889 0.95012 0.772837 0.955078
0 0.505409 0.555589 0.957933 0.777043 0.95752
0 0.505409 0.554688 0.96274 0.766827 0.94043
0 0.503005 0.55619 0.963942 0.765024 0.937988
0 0.503005 0.552885 0.96875 0.769231 0.942871
0 0.503305 0.550781 0.971755 0.773438 0.941895
0 0.495192 0.553486 0.96875 0.768029 0.940918
0 0.496394 0.554087 0.967548 0.765625 0.951172
0 0.496995 0.552885 0.965144 0.769231 0.952637
0 0.498798 0.551082 0.973558 0.766827 0.947754
0 0.471454 0.550781 0.928486 0.76262 0.915039
