0 0.504808 0.60637 0.989183 0.784856 0.153076
0 0.499099 0.590745 0.995793 0.801683 0.161011
0 0.509014 0.517127 0.981971 0.912861 0.161377
0 0.607272 0.569411 0.785457 0.779447 0.136353
0 0.5003 0.793269 0.999399 0.407452 0.140137
0 0.507212 0.566406 0.985577 0.811899 0.332031
0 0.499399 0.532452 0.996394 0.889423 0.470703
0 0.585938 0.60637 0.828125 0.782452 0.486328
0 0.315505 0.596304 0.63101 0.80018 0.545898
0 0.500601 0.600962 0.998798 0.798077 0.779785
0 0.402344 0.581881 0.804688 0.778546 0.801758
0 0.5003 0.615385 0.999399 0.769231 0.693359
0 0.48738 0.600962 0.97476 0.778846 0.466797
0 0.5003 0.612981 0.999399 0.774038 0.737793
0 0.50601 0.548678 0.987981 0.902644 0.863281
0 0.500901 0.600661 0.998197 0.798678 0.878906
0 0.5 0.611779 1 0.776442 0.842773
0 0.557692 0.603516 0.884615 0.773738 0.901367
0 0.579026 0.598558 0.841947 0.745192 0.196167
0 0.587139 0.594952 0.823317 0.758414 0.853027
0 0.497897 0.633413 0.995793 0.713942 0.900391
0 0.511118 0.600962 0.969351 0.790865 0.354004
0 0.606671 0.73738 0.786659 0.472356 0.729492
0 0.50601 0.611779 0.983173 0.745192 0.872559
0 0.5 0.564303 1 0.856971 0.941895
0 0.5 0.590144 1 0.802885 0.924805
0 0.504808 0.598558 0.990385 0.802885 0.94043
0 0.5 0.599159 0.995192 0.801683 0.938965
0 0.497296 0.597206 0.993389 0.788762 0.892578
0 0.523738 0.609375 0.95012 0.772837 0.953125
0 0.501202 0.60652 0.995192 0.786959 0.949219
0 0.499399 0.602764 0.991587 0.78726 0.950195
0 0.493389 0.600661 0.986779 0.798678 0.947266
0 0.5 0.582332 0.992788 0.795673 0.95752
0 0.503906 0.588341 0.986178 0.796875 0.975098
0 0.517127 0.59375 0.960938 0.80649 0.979004
0 0.51262 0.585938 0.973558 0.813702 0.972656
0 0.509615 0.590745 0.980769 0.813702 0.966309
0 0.502103 0.591346 0.990986 0.802885 0.967773
0 0.5 0.594952 0.990385 0.790865 0.973633
0 0.498498 0.590144 0.993389 0.799279 0.96875
0 0.503005 0.585337 0.990385 0.770433 0.954102
0 0.505108 0.591346 0.989784 0.77524 0.963867
0 0.509615 0.58774 0.980769 0.783654 0.958008
0 0.501202 0.586388 0.987981 0.788762 0.94043
0 0.5 0.585938 0.991587 0.786058 0.948242
0 0.498798 0.588341 0.995192 0.788462 0.955078
0 0.498798 0.586388 0.997596 0.78155 0.97168
0 0.499099 0.588341 0.995793 0.77524 0.981934
0 0.499399 0.587891 0.996394 0.783353 0.972656
0 0.500601 0.593149 0.998798 0.789663 0.981934
0 0.500601 0.587139 0.998798 0.780048 0.976562
0 0.503005 0.585337 0.99399 0.801683 0.973633
0 0.502404 0.593149 0.995192 0.799279 0.966309
0 0.498798 0.587139 0.995192 0.786058 0.966309
0 0.496094 0.585487 0.992188 0.788161 0.972656
0 0.496094 0.58774 0.992188 0.788462 0.969238
0 0.496094 0.586689 0.992188 0.778546 0.959961
0 0.496995 0.582332 0.99399 0.77524 0.967773
0 0.498197 0.58113 0.991587 0.772837 0.963867
0 0.498197 0.58774 0.989183 0.771635 0.961426
0 0.502704 0.587891 0.994591 0.771334 0.961914
0 0.5 0.584135 0.997596 0.793269 0.96875
0 0.499399 0.585487 0.99399 0.792969 0.958496
0 0.501202 0.589543 0.997596 0.788462 0.951172
0 0.501202 0.597957 0.997596 0.780048 0.928711
0 0.503005 0.589543 0.99399 0.794471 0.929688
0 0.503606 0.594351 0.992788 0.794471 0.958008
0 0.504808 0.592548 0.987981 0.78125 0.946777
0 0.505409 0.582332 0.984375 0.798077 0.96875
0 0.50601 0.584736 0.985577 0.796875 0.970703
0 0.503606 0.589543 0.985577 0.792067 0.972168
0 0.503606 0.590144 0.985577 0.792067 0.971191
0 0.504507 0.590144 0.990986 0.793269 0.967773
0 0.503005 0.592548 0.989183 0.784856 0.960449
0 0.500601 0.591346 0.986779 0.777644 0.962402
0 0.501202 0.585337 0.990385 0.786058 0.97168
0 0.501202 0.584135 0.991587 0.798077 0.975586
0 0.501202 0.585337 0.986779 0.798077 0.972656
0 0.503005 0.590294 0.986779 0.795373 0.960449
0 0.504507 0.592548 0.990986 0.790865 0.956543
0 0.502404 0.591496 0.989183 0.792969 0.976562
0 0.498197 0.588341 0.996394 0.788462 0.958008
