0 0.56881 0.487981 0.554688 0.512019 0.146118
0 0.572115 0.463041 0.540865 0.464543 0.104126
0 0.548377 0.467473 0.501803 0.470102 0.218994
0 0.560697 0.491587 0.557692 0.520433 0.53125
0 0.565505 0.499399 0.551683 0.538462 0.610352
0 0.54988 0.505334 0.574519 0.513371 0.529297
0 0.542368 0.498197 0.582332 0.514423 0.600098
0 0.554387 0.466271 0.515024 0.480919 0.378418
0 0.551082 0.466046 0.49399 0.459736 0.563965
0 0.558293 0.420072 0.546875 0.664663 0.494141
0 0.429087 0.59375 0.853365 0.723558 0.87793
0 0.5 0.563101 1 0.828125 0.417725
0 0.501202 0.615986 0.997596 0.768029 0.880859
0 0.5 0.490685 1 0.98137 0.901855
0 0.510216 0.604868 0.979567 0.790264 0.848145
0 0.623948 0.617488 0.752103 0.765024 0.870605
0 0.545072 0.517353 0.597356 0.569862 0.879883
0 0.580529 0.471229 0.536058 0.467398 0.920898
0 0.547476 0.491662 0.58774 0.519081 0.852051
0 0.558293 0.476262 0.570913 0.45012 0.946777
0 0.537861 0.481671 0.616587 0.454928 0.845703
0 0.537861 0.49369 0.61899 0.453726 0.900391
0 0.549579 0.544171 0.594351 0.58113 0.89209
0 0.559495 0.545974 0.570913 0.590745 0.924805
0 0.539964 0.494892 0.585938 0.469351 0.942871
0 0.545072 0.491587 0.606971 0.473558 0.921875
0 0.573317 0.477088 0.540865 0.466496 0.830566
0 0.579177 0.491887 0.536358 0.509014 0.872559
0 0.578726 0.48445 0.544471 0.491436 0.903809
0 0.561298 0.485577 0.5 0.504808 0.861328
0 0.546875 0.470853 0.492788 0.468149 0.837402
0 0.542067 0.466947 0.50601 0.456731 0.852051
0 0.560397 0.464543 0.539062 0.453125 0.882324
0 0.563702 0.488582 0.554087 0.498798 0.914551
0 0.564303 0.479868 0.552885 0.490986 0.892578
0 0.558368 0.482647 0.580379 0.480619 0.878418
0 0.57512 0.46875 0.534856 0.463942 0.916016
0 0.575721 0.464468 0.530048 0.459285 0.90625
0 0.579177 0.474459 0.533954 0.478966 0.926758
0 0.579928 0.473032 0.524038 0.457782 0.92627
0 0.573918 0.479567 0.509615 0.471154 0.911621
0 0.571514 0.463041 0.514423 0.466947 0.891602
0 0.56851 0.464243 0.533654 0.448918 0.901367
0 0.567308 0.46244 0.539663 0.45012 0.941895
0 0.567308 0.459135 0.533654 0.442308 0.936035
0 0.5625 0.460412 0.528846 0.444561 0.915527
0 0.564303 0.471229 0.563702 0.444561 0.935547
0 0.564303 0.471154 0.56851 0.451923 0.922852
0 0.573618 0.46567 0.546274 0.448468 0.922363
0 0.576923 0.460337 0.53726 0.465144 0.907227
0 0.57482 0.461013 0.535457 0.461388 0.898438
0 0.576322 0.466947 0.520433 0.445913 0.903809
0 0.579928 0.463942 0.533654 0.454327 0.921387
0 0.582782 0.467248 0.541166 0.451322 0.943359
0 0.581731 0.462815 0.532452 0.451773 0.944824
0 0.579327 0.46244 0.53125 0.452524 0.92627
0 0.578275 0.466947 0.538161 0.455529 0.914551
0 0.576322 0.468675 0.532452 0.456881 0.916016
0 0.57482 0.467849 0.535457 0.478966 0.900391
0 0.564603 0.469351 0.527043 0.477163 0.927734
0 0.558293 0.469651 0.515625 0.469351 0.932617
0 0.557392 0.467849 0.524639 0.463341 0.910645
0 0.554688 0.466647 0.521635 0.45613 0.892578
0 0.552885 0.470853 0.515625 0.448918 0.867676
0 0.555889 0.469276 0.518029 0.448468 0.853516
0 0.563702 0.467248 0.548077 0.457332 0.837402
0 0.563101 0.466947 0.542067 0.459135 0.826172
0 0.571815 0.471154 0.542668 0.461538 0.808105
0 0.571514 0.467548 0.532452 0.455529 0.804199
0 0.564603 0.464468 0.515024 0.448468 0.86084
0 0.56851 0.467849 0.528846 0.453726 0.838379
0 0.569712 0.465144 0.53726 0.451923 0.827637
0 0.57482 0.46875 0.535457 0.450721 0.90918
0 0.57512 0.46905 0.532452 0.45012 0.917969
0 0.573618 0.469651 0.527043 0.447716 0.89209
0 0.573317 0.469952 0.524038 0.448317 0.895508
0 0.570913 0.466872 0.521635 0.453275 0.882324
0 0.576923 0.46875 0.527644 0.455529 0.897461
0 0.576623 0.469351 0.528245 0.454327 0.884766
0 0.576623 0.470252 0.531851 0.452524 0.887207
0 0.573918 0.470252 0.53726 0.453726 0.88623
0 0.567007 0.468149 0.527043 0.44351 0.908203
0 0.557692 0.46905 0.509615 0.439303 0.916992
0 0.5625 0.46845 0.507212 0.442909 0.909668
0 0.567308 0.46274 0.524038 0.453125 0.894043
0 0.561599 0.469276 0.54988 0.461689 0.90332
