0 0.499399 0.436298 0.991587 0.866587 0.102112
0 0.506911 0.469952 0.963341 0.939904 0.179199
0 0.454327 0.629207 0.798077 0.722356 0.102844
0 0.460337 0.47476 0.776442 0.884615 0.246216
0 0.459135 0.450721 0.770433 0.877404 0.558105
0 0.435096 0.545072 0.729567 0.688702 0.535156
0 0.442608 0.481971 0.821514 0.817308 0.819336
0 0.469351 0.486178 0.796875 0.792067 0.650391
0 0.394832 0.53726 0.788462 0.925481 0.796875
0 0.440805 0.525841 0.846755 0.907452 0.470703
0 0.490084 0.473858 0.977764 0.898438 0.464844
0 0.391226 0.491587 0.739183 0.954327 0.778809
0 0.517127 0.507512 0.965745 0.966947 0.844727
0 0.529447 0.56851 0.941106 0.862981 0.400635
0 0.536058 0.538462 0.927885 0.846154 0.873535
0 0.515024 0.590144 0.965144 0.653846 0.889648
0 0.517428 0.587139 0.965144 0.588942 0.912109
0 0.523438 0.58774 0.953125 0.629808 0.518555
0 0.44381 0.590745 0.79988 0.620192 0.949219
0 0.527344 0.60637 0.936899 0.626202 0.855957
0 0.527043 0.617939 0.913462 0.634315 0.904785
0 0.524339 0.613582 0.920072 0.640625 0.623535
0 0.517428 0.611779 0.936298 0.640625 0.120239
0 0.521034 0.617788 0.926683 0.716346 0.109924
0 0.397236 0.639573 0.695913 0.701623 0.366699
0 0.415865 0.641226 0.733173 0.698317 0.663574
0 0.528846 0.649038 0.942308 0.697115 0.831055
0 0.519231 0.644231 0.961538 0.698317 0.904297
0 0.520433 0.645433 0.959135 0.709135 0.856934
0 0.448618 0.61238 0.802284 0.626202 0.880859
0 0.441406 0.605919 0.804688 0.622296 0.896484
0 0.446214 0.605619 0.790264 0.620493 0.947754
0 0.45012 0.60637 0.788462 0.627404 0.95752
0 0.451022 0.607572 0.785457 0.622596 0.952148
0 0.448017 0.608023 0.783053 0.625301 0.938965
0 0.446514 0.592548 0.796875 0.612981 0.931641
0 0.440805 0.593149 0.817909 0.611779 0.964355
0 0.444111 0.596154 0.80649 0.629808 0.975586
0 0.449219 0.586689 0.798678 0.617488 0.962891
0 0.447416 0.59375 0.79387 0.621394 0.946777
0 0.447115 0.57512 0.813702 0.616587 0.93457
0 0.45012 0.588942 0.796875 0.609375 0.938965
0 0.445913 0.594952 0.790865 0.637019 0.958496
0 0.44982 0.58774 0.790264 0.625 0.941895
0 0.454327 0.588942 0.816106 0.629808 0.943359
0 0.454928 0.5939 0.81851 0.631911 0.926758
0 0.459435 0.58774 0.823918 0.625 0.900879
0 0.46274 0.586538 0.814904 0.614183 0.90625
0 0.460337 0.588942 0.805288 0.627404 0.922363
0 0.460337 0.588341 0.8125 0.635817 0.916016
0 0.456731 0.586689 0.802885 0.624699 0.90625
0 0.453726 0.578125 0.796875 0.622596 0.949707
0 0.452524 0.585487 0.811298 0.631911 0.95166
0 0.451623 0.576923 0.798678 0.61899 0.930176
0 0.454026 0.582332 0.808293 0.629808 0.945801
0 0.460938 0.588942 0.830529 0.639423 0.930176
0 0.454627 0.58774 0.803486 0.641827 0.924316
0 0.454327 0.587139 0.8125 0.652644 0.932129
0 0.451923 0.589994 0.811298 0.649339 0.941406
0 0.451322 0.591496 0.807692 0.646334 0.9375
0 0.453125 0.590294 0.810096 0.648738 0.939453
0 0.457031 0.588341 0.809495 0.651442 0.934082
0 0.459736 0.591346 0.807692 0.645433 0.936523
0 0.464844 0.591496 0.819111 0.64393 0.95166
0 0.463341 0.588792 0.824519 0.646935 0.950684
0 0.459736 0.586538 0.813702 0.644231 0.927734
0 0.456731 0.590144 0.802885 0.640625 0.915527
0 0.46244 0.586388 0.810697 0.639724 0.929199
0 0.453726 0.58113 0.814904 0.645433 0.89209
0 0.457332 0.586538 0.810096 0.65024 0.90918
0 0.457332 0.587139 0.800481 0.643029 0.906738
0 0.456731 0.591346 0.802885 0.637019 0.923828
0 0.451923 0.587891 0.799279 0.636719 0.938965
0 0.447716 0.590144 0.799279 0.634615 0.922852
0 0.449219 0.590745 0.801082 0.635817 0.921875
0 0.448317 0.58774 0.807692 0.640625 0.936523
0 0.450421 0.586689 0.805889 0.636719 0.939941
0 0.453425 0.58759 0.804688 0.622897 0.921875
0 0.454627 0.585186 0.810697 0.6253 0.930664
0 0.455829 0.586538 0.813101 0.627404 0.924316
0 0.454327 0.588942 0.811298 0.625 0.926758
0 0.453125 0.591196 0.8125 0.622897 0.931152
0 0.454627 0.591947 0.804688 0.629808 0.927734
0 0.457332 0.588341 0.807692 0.635817 0.946777
0 0.457031 0.58759 0.815505 0.6253 0.897949
